
Poblacion inicial: 
[([[2, 2, 1, 2, 2, 2, 0, 2, 2, 2], [2, 2, 0, 2, 2, 2, 0, 2, 2, 2], [1, 0, (7, 1), 0, (7, 9), 0, (3, 7), 0, 0, 0], [2, 2, 0, 2, 0, 2, 0, 2, 2, 2], [2, 2, 0, 2, 0, 2, 0, 2, 2, 2], [2, 2, 0, 2, 0, 2, 0, 2, 2, 2], [0, 0, (8, 8), 0, (2, 5), 0, (10, 6), 0, 0, 0], [2, 2, 0, 2, 0, 2, 0, 2, 2, 2], [2, 2, 0, 2, 0, 2, 0, 2, 2, 2]], {(0, 2): [(1, 2), (1, 2), (2, 2), (3, 2), (4, 2), (5, 2), (5, 2), (5, 2), (5, 2), (5, 2), (5, 2), (5, 2), (5, 2), (5, 2), (6, 2), (7, 2), (8, 2)], (2, 0): [(2, 1), (2, 1), (2, 1), (2, 1), (2, 1), (2, 1), (2, 1), (2, 1), (2, 2), (2, 3), (2, 3), (2, 3), (2, 3), (2, 3), (2, 3), (2, 3), (2, 3), (2, 4), (2, 5), (2, 5), (2, 5), (2, 5), (2, 6), (2, 7), (2, 8), (2, 9)]}), ([[2, 2, 1, 2, 2, 2, 0, 2, 2, 2], [2, 2, 0, 2, 2, 2, 0, 2, 2, 2], [0, 0, (10, 4), 0, (3, 1), 0, (4, 7), 0, 0, 0], [2, 2, 0, 2, 0, 2, 0, 2, 2, 2], [2, 2, 0, 2, 0, 2, 0, 2, 2, 2], [2, 2, 0, 2, 0, 2, 0, 2, 2, 2], [1, 0, (5, 9), 0, (2, 9), 0, (6, 1), 0, 0, 0], [2, 2, 0, 2, 0, 2, 0, 2, 2, 2], [2, 2, 0, 2, 0, 2, 0, 2, 2, 2]], {(0, 2): [(1, 2), (1, 2), (1, 2), (1, 2), (1, 2), (2, 2), (3, 2), (4, 2), (5, 2), (5, 2), (5, 2), (5, 2), (5, 2), (5, 2), (5, 2), (5, 2), (5, 2), (5, 2), (6, 2), (7, 2), (8, 2)], (6, 0): [(6, 1), (6, 1), (6, 1), (6, 1), (6, 1), (6, 1), (6, 2), (6, 3), (6, 3), (6, 3), (6, 4), (6, 5), (6, 5), (6, 5), (6, 5), (6, 5), (6, 5), (6, 5), (6, 6), (6, 7), (6, 8), (6, 9)]}), ([[2, 2, 0, 2, 2, 2, 0, 2, 2, 2], [2, 2, 0, 2, 2, 2, 0, 2, 2, 2], [1, 0, (9, 10), 0, (5, 8), 0, (2, 4), 0, 0, 0], [2, 2, 0, 2, 0, 2, 0, 2, 2, 2], [2, 2, 0, 2, 0, 2, 0, 2, 2, 2], [2, 2, 0, 2, 0, 2, 0, 2, 2, 2], [0, 0, (4, 5), 0, (3, 5), 0, (9, 6), 0, 0, 0], [2, 2, 0, 2, 0, 2, 0, 2, 2, 2], [2, 2, 0, 2, 0, 2, 0, 2, 2, 2]], {(2, 0): [(2, 1), (2, 1), (2, 1), (2, 1), (2, 1), (2, 1), (2, 1), (2, 1), (2, 1), (2, 1), (2, 2), (2, 3), (2, 3), (2, 3), (2, 3), (2, 3), (2, 3), (2, 4), (2, 5), (2, 5), (2, 5), (2, 6), (2, 7), (2, 8), (2, 9)]}), ([[2, 2, 0, 2, 2, 2, 0, 2, 2, 2], [2, 2, 0, 2, 2, 2, 0, 2, 2, 2], [0, 0, (6, 8), 0, (2, 7), 0, (9, 2), 0, 0, 0], [2, 2, 0, 2, 0, 2, 0, 2, 2, 2], [2, 2, 0, 2, 0, 2, 0, 2, 2, 2], [2, 2, 0, 2, 0, 2, 0, 2, 2, 2], [0, 0, (6, 9), 0, (4, 7), 0, (6, 9), 0, 0, 0], [2, 2, 0, 2, 0, 2, 0, 2, 2, 2], [2, 2, 0, 2, 0, 2, 0, 2, 2, 2]], {}), ([[2, 2, 0, 2, 2, 2, 1, 2, 2, 2], [2, 2, 0, 2, 2, 2, 0, 2, 2, 2], [1, 0, (4, 1), 0, (5, 10), 0, (6, 3), 0, 0, 0], [2, 2, 0, 2, 0, 2, 0, 2, 2, 2], [2, 2, 0, 2, 0, 2, 0, 2, 2, 2], [2, 2, 0, 2, 0, 2, 0, 2, 2, 2], [1, 0, (8, 5), 0, (3, 4), 0, (7, 8), 0, 0, 0], [2, 2, 0, 2, 0, 2, 0, 2, 2, 2], [2, 2, 0, 2, 0, 2, 0, 2, 2, 2]], {(0, 6): [(1, 6), (1, 6), (1, 6), (1, 6), (2, 6), (3, 6), (4, 6), (5, 6), (5, 6), (5, 6), (5, 6), (5, 6), (5, 6), (5, 6), (5, 6), (5, 6), (6, 6), (7, 6), (8, 6)], (2, 0): [(2, 1), (2, 1), (2, 1), (2, 1), (2, 1), (2, 2), (2, 3), (2, 3), (2, 3), (2, 3), (2, 3), (2, 3), (2, 4), (2, 5), (2, 5), (2, 5), (2, 5), (2, 5), (2, 5), (2, 5), (2, 6), (2, 7), (2, 8), (2, 9)], (6, 0): [(6, 1), (6, 1), (6, 1), (6, 1), (6, 1), (6, 1), (6, 1), (6, 1), (6, 1), (6, 2), (6, 3), (6, 3), (6, 3), (6, 3), (6, 4), (6, 5), (6, 5), (6, 5), (6, 5), (6, 5), (6, 5), (6, 5), (6, 5), (6, 6), (6, 7), (6, 8), (6, 9)]})]

Tamano de cada poblacion: 5.
Cantidad de generaciones: 100.
Tasa de reproduccion: 0.5.
Tasa de mutacion: 0.5.
Gen: 0 Mejor cromosoma: 
+---+---+--------+---+--------+---+--------+---+---+---+
| 2 | 2 |   1    | 2 |   2    | 2 |   1    | 2 | 2 | 2 |
| 2 | 2 |   0    | 2 |   2    | 2 |   0    | 2 | 2 | 2 |
| 1 | 0 | (5, 3) | 0 | (6, 8) | 0 | (3, 5) | 0 | 0 | 0 |
| 2 | 2 |   0    | 2 |   0    | 2 |   0    | 2 | 2 | 2 |
| 2 | 2 |   0    | 2 |   0    | 2 |   0    | 2 | 2 | 2 |
| 2 | 2 |   0    | 2 |   0    | 2 |   0    | 2 | 2 | 2 |
| 1 | 0 | (7, 6) | 0 | (8, 2) | 0 | (2, 1) | 0 | 0 | 0 |
| 2 | 2 |   0    | 2 |   0    | 2 |   0    | 2 | 2 | 2 |
| 2 | 2 |   0    | 2 |   0    | 2 |   0    | 2 | 2 | 2 |
+---+---+--------+---+--------+---+--------+---+---+---+
Mejor fitness score: 60 

Gen: 1 Mejor cromosoma: 
+---+---+--------+---+--------+---+--------+---+---+---+
| 2 | 2 |   1    | 2 |   2    | 2 |   1    | 2 | 2 | 2 |
| 2 | 2 |   0    | 2 |   2    | 2 |   0    | 2 | 2 | 2 |
| 1 | 0 | (5, 3) | 0 | (6, 8) | 0 | (3, 5) | 0 | 0 | 0 |
| 2 | 2 |   0    | 2 |   0    | 2 |   0    | 2 | 2 | 2 |
| 2 | 2 |   0    | 2 |   0    | 2 |   0    | 2 | 2 | 2 |
| 2 | 2 |   0    | 2 |   0    | 2 |   0    | 2 | 2 | 2 |
| 1 | 0 | (7, 6) | 0 | (8, 2) | 0 | (2, 1) | 0 | 0 | 0 |
| 2 | 2 |   0    | 2 |   0    | 2 |   0    | 2 | 2 | 2 |
| 2 | 2 |   0    | 2 |   0    | 2 |   0    | 2 | 2 | 2 |
+---+---+--------+---+--------+---+--------+---+---+---+
Mejor fitness score: 60 

Gen: 2 Mejor cromosoma: 
+---+---+--------+---+--------+---+--------+---+---+---+
| 2 | 2 |   1    | 2 |   2    | 2 |   1    | 2 | 2 | 2 |
| 2 | 2 |   0    | 2 |   2    | 2 |   0    | 2 | 2 | 2 |
| 1 | 0 | (5, 3) | 0 | (6, 8) | 0 | (3, 5) | 0 | 0 | 0 |
| 2 | 2 |   0    | 2 |   0    | 2 |   0    | 2 | 2 | 2 |
| 2 | 2 |   0    | 2 |   0    | 2 |   0    | 2 | 2 | 2 |
| 2 | 2 |   0    | 2 |   0    | 2 |   0    | 2 | 2 | 2 |
| 1 | 0 | (7, 6) | 0 | (8, 2) | 0 | (2, 1) | 0 | 0 | 0 |
| 2 | 2 |   0    | 2 |   0    | 2 |   0    | 2 | 2 | 2 |
| 2 | 2 |   0    | 2 |   0    | 2 |   0    | 2 | 2 | 2 |
+---+---+--------+---+--------+---+--------+---+---+---+
Mejor fitness score: 60 

Gen: 3 Mejor cromosoma: 
+---+---+--------+---+--------+---+--------+---+---+---+
| 2 | 2 |   1    | 2 |   2    | 2 |   1    | 2 | 2 | 2 |
| 2 | 2 |   0    | 2 |   2    | 2 |   0    | 2 | 2 | 2 |
| 1 | 0 | (5, 3) | 0 | (6, 8) | 0 | (3, 5) | 0 | 0 | 0 |
| 2 | 2 |   0    | 2 |   0    | 2 |   0    | 2 | 2 | 2 |
| 2 | 2 |   0    | 2 |   0    | 2 |   0    | 2 | 2 | 2 |
| 2 | 2 |   0    | 2 |   0    | 2 |   0    | 2 | 2 | 2 |
| 1 | 0 | (7, 6) | 0 | (8, 2) | 0 | (2, 1) | 0 | 0 | 0 |
| 2 | 2 |   0    | 2 |   0    | 2 |   0    | 2 | 2 | 2 |
| 2 | 2 |   0    | 2 |   0    | 2 |   0    | 2 | 2 | 2 |
+---+---+--------+---+--------+---+--------+---+---+---+
Mejor fitness score: 60 

Gen: 4 Mejor cromosoma: 
+---+---+--------+---+--------+---+--------+---+---+---+
| 2 | 2 |   1    | 2 |   2    | 2 |   1    | 2 | 2 | 2 |
| 2 | 2 |   0    | 2 |   2    | 2 |   0    | 2 | 2 | 2 |
| 1 | 0 | (5, 3) | 0 | (6, 8) | 0 | (3, 5) | 0 | 0 | 0 |
| 2 | 2 |   0    | 2 |   0    | 2 |   0    | 2 | 2 | 2 |
| 2 | 2 |   0    | 2 |   0    | 2 |   0    | 2 | 2 | 2 |
| 2 | 2 |   0    | 2 |   0    | 2 |   0    | 2 | 2 | 2 |
| 1 | 0 | (7, 6) | 0 | (8, 2) | 0 | (2, 1) | 0 | 0 | 0 |
| 2 | 2 |   0    | 2 |   0    | 2 |   0    | 2 | 2 | 2 |
| 2 | 2 |   0    | 2 |   0    | 2 |   0    | 2 | 2 | 2 |
+---+---+--------+---+--------+---+--------+---+---+---+
Mejor fitness score: 60 

Gen: 5 Mejor cromosoma: 
+---+---+--------+---+--------+---+--------+---+---+---+
| 2 | 2 |   1    | 2 |   2    | 2 |   1    | 2 | 2 | 2 |
| 2 | 2 |   0    | 2 |   2    | 2 |   0    | 2 | 2 | 2 |
| 1 | 0 | (5, 3) | 0 | (6, 8) | 0 | (3, 5) | 0 | 0 | 0 |
| 2 | 2 |   0    | 2 |   0    | 2 |   0    | 2 | 2 | 2 |
| 2 | 2 |   0    | 2 |   0    | 2 |   0    | 2 | 2 | 2 |
| 2 | 2 |   0    | 2 |   0    | 2 |   0    | 2 | 2 | 2 |
| 1 | 0 | (7, 6) | 0 | (8, 2) | 0 | (2, 1) | 0 | 0 | 0 |
| 2 | 2 |   0    | 2 |   0    | 2 |   0    | 2 | 2 | 2 |
| 2 | 2 |   0    | 2 |   0    | 2 |   0    | 2 | 2 | 2 |
+---+---+--------+---+--------+---+--------+---+---+---+
Mejor fitness score: 60 

Gen: 6 Mejor cromosoma: 
+---+---+--------+---+--------+---+--------+---+---+---+
| 2 | 2 |   1    | 2 |   2    | 2 |   1    | 2 | 2 | 2 |
| 2 | 2 |   0    | 2 |   2    | 2 |   0    | 2 | 2 | 2 |
| 1 | 0 | (5, 3) | 0 | (6, 8) | 0 | (3, 5) | 0 | 0 | 0 |
| 2 | 2 |   0    | 2 |   0    | 2 |   0    | 2 | 2 | 2 |
| 2 | 2 |   0    | 2 |   0    | 2 |   0    | 2 | 2 | 2 |
| 2 | 2 |   0    | 2 |   0    | 2 |   0    | 2 | 2 | 2 |
| 1 | 0 | (7, 6) | 0 | (8, 2) | 0 | (2, 1) | 0 | 0 | 0 |
| 2 | 2 |   0    | 2 |   0    | 2 |   0    | 2 | 2 | 2 |
| 2 | 2 |   0    | 2 |   0    | 2 |   0    | 2 | 2 | 2 |
+---+---+--------+---+--------+---+--------+---+---+---+
Mejor fitness score: 60 

Gen: 7 Mejor cromosoma: 
+---+---+--------+---+--------+---+--------+---+---+---+
| 2 | 2 |   1    | 2 |   2    | 2 |   1    | 2 | 2 | 2 |
| 2 | 2 |   0    | 2 |   2    | 2 |   0    | 2 | 2 | 2 |
| 1 | 0 | (5, 3) | 0 | (6, 8) | 0 | (3, 5) | 0 | 0 | 0 |
| 2 | 2 |   0    | 2 |   0    | 2 |   0    | 2 | 2 | 2 |
| 2 | 2 |   0    | 2 |   0    | 2 |   0    | 2 | 2 | 2 |
| 2 | 2 |   0    | 2 |   0    | 2 |   0    | 2 | 2 | 2 |
| 1 | 0 | (7, 6) | 0 | (8, 2) | 0 | (2, 1) | 0 | 0 | 0 |
| 2 | 2 |   0    | 2 |   0    | 2 |   0    | 2 | 2 | 2 |
| 2 | 2 |   0    | 2 |   0    | 2 |   0    | 2 | 2 | 2 |
+---+---+--------+---+--------+---+--------+---+---+---+
Mejor fitness score: 60 

Gen: 8 Mejor cromosoma: 
+---+---+--------+---+--------+---+--------+---+---+---+
| 2 | 2 |   1    | 2 |   2    | 2 |   1    | 2 | 2 | 2 |
| 2 | 2 |   0    | 2 |   2    | 2 |   0    | 2 | 2 | 2 |
| 1 | 0 | (5, 3) | 0 | (6, 8) | 0 | (3, 5) | 0 | 0 | 0 |
| 2 | 2 |   0    | 2 |   0    | 2 |   0    | 2 | 2 | 2 |
| 2 | 2 |   0    | 2 |   0    | 2 |   0    | 2 | 2 | 2 |
| 2 | 2 |   0    | 2 |   0    | 2 |   0    | 2 | 2 | 2 |
| 1 | 0 | (7, 6) | 0 | (8, 2) | 0 | (2, 1) | 0 | 0 | 0 |
| 2 | 2 |   0    | 2 |   0    | 2 |   0    | 2 | 2 | 2 |
| 2 | 2 |   0    | 2 |   0    | 2 |   0    | 2 | 2 | 2 |
+---+---+--------+---+--------+---+--------+---+---+---+
Mejor fitness score: 60 

Gen: 9 Mejor cromosoma: 
+---+---+--------+---+--------+---+--------+---+---+---+
| 2 | 2 |   1    | 2 |   2    | 2 |   1    | 2 | 2 | 2 |
| 2 | 2 |   0    | 2 |   2    | 2 |   0    | 2 | 2 | 2 |
| 1 | 0 | (5, 3) | 0 | (6, 8) | 0 | (3, 5) | 0 | 0 | 0 |
| 2 | 2 |   0    | 2 |   0    | 2 |   0    | 2 | 2 | 2 |
| 2 | 2 |   0    | 2 |   0    | 2 |   0    | 2 | 2 | 2 |
| 2 | 2 |   0    | 2 |   0    | 2 |   0    | 2 | 2 | 2 |
| 1 | 0 | (7, 6) | 0 | (8, 2) | 0 | (2, 1) | 0 | 0 | 0 |
| 2 | 2 |   0    | 2 |   0    | 2 |   0    | 2 | 2 | 2 |
| 2 | 2 |   0    | 2 |   0    | 2 |   0    | 2 | 2 | 2 |
+---+---+--------+---+--------+---+--------+---+---+---+
Mejor fitness score: 60 

Gen: 10 Mejor cromosoma: 
+---+---+--------+---+--------+---+--------+---+---+---+
| 2 | 2 |   1    | 2 |   2    | 2 |   1    | 2 | 2 | 2 |
| 2 | 2 |   0    | 2 |   2    | 2 |   0    | 2 | 2 | 2 |
| 1 | 0 | (5, 3) | 0 | (6, 8) | 0 | (3, 5) | 0 | 0 | 0 |
| 2 | 2 |   0    | 2 |   0    | 2 |   0    | 2 | 2 | 2 |
| 2 | 2 |   0    | 2 |   0    | 2 |   0    | 2 | 2 | 2 |
| 2 | 2 |   0    | 2 |   0    | 2 |   0    | 2 | 2 | 2 |
| 1 | 0 | (7, 6) | 0 | (8, 2) | 0 | (2, 1) | 0 | 0 | 0 |
| 2 | 2 |   0    | 2 |   0    | 2 |   0    | 2 | 2 | 2 |
| 2 | 2 |   0    | 2 |   0    | 2 |   0    | 2 | 2 | 2 |
+---+---+--------+---+--------+---+--------+---+---+---+
Mejor fitness score: 60 

Gen: 11 Mejor cromosoma: 
+---+---+--------+---+--------+---+--------+---+---+---+
| 2 | 2 |   1    | 2 |   2    | 2 |   1    | 2 | 2 | 2 |
| 2 | 2 |   0    | 2 |   2    | 2 |   0    | 2 | 2 | 2 |
| 1 | 0 | (5, 3) | 0 | (6, 8) | 0 | (3, 5) | 0 | 0 | 0 |
| 2 | 2 |   0    | 2 |   0    | 2 |   0    | 2 | 2 | 2 |
| 2 | 2 |   0    | 2 |   0    | 2 |   0    | 2 | 2 | 2 |
| 2 | 2 |   0    | 2 |   0    | 2 |   0    | 2 | 2 | 2 |
| 1 | 0 | (7, 6) | 0 | (8, 2) | 0 | (2, 1) | 0 | 0 | 0 |
| 2 | 2 |   0    | 2 |   0    | 2 |   0    | 2 | 2 | 2 |
| 2 | 2 |   0    | 2 |   0    | 2 |   0    | 2 | 2 | 2 |
+---+---+--------+---+--------+---+--------+---+---+---+
Mejor fitness score: 60 

Gen: 12 Mejor cromosoma: 
+---+---+--------+---+--------+---+--------+---+---+---+
| 2 | 2 |   1    | 2 |   2    | 2 |   1    | 2 | 2 | 2 |
| 2 | 2 |   0    | 2 |   2    | 2 |   0    | 2 | 2 | 2 |
| 1 | 0 | (5, 3) | 0 | (6, 8) | 0 | (3, 5) | 0 | 0 | 0 |
| 2 | 2 |   0    | 2 |   0    | 2 |   0    | 2 | 2 | 2 |
| 2 | 2 |   0    | 2 |   0    | 2 |   0    | 2 | 2 | 2 |
| 2 | 2 |   0    | 2 |   0    | 2 |   0    | 2 | 2 | 2 |
| 1 | 0 | (7, 6) | 0 | (8, 2) | 0 | (2, 1) | 0 | 0 | 0 |
| 2 | 2 |   0    | 2 |   0    | 2 |   0    | 2 | 2 | 2 |
| 2 | 2 |   0    | 2 |   0    | 2 |   0    | 2 | 2 | 2 |
+---+---+--------+---+--------+---+--------+---+---+---+
Mejor fitness score: 60 

Gen: 13 Mejor cromosoma: 
+---+---+--------+---+--------+---+--------+---+---+---+
| 2 | 2 |   1    | 2 |   2    | 2 |   1    | 2 | 2 | 2 |
| 2 | 2 |   0    | 2 |   2    | 2 |   0    | 2 | 2 | 2 |
| 1 | 0 | (5, 3) | 0 | (6, 8) | 0 | (3, 5) | 0 | 0 | 0 |
| 2 | 2 |   0    | 2 |   0    | 2 |   0    | 2 | 2 | 2 |
| 2 | 2 |   0    | 2 |   0    | 2 |   0    | 2 | 2 | 2 |
| 2 | 2 |   0    | 2 |   0    | 2 |   0    | 2 | 2 | 2 |
| 1 | 0 | (7, 6) | 0 | (8, 2) | 0 | (2, 1) | 0 | 0 | 0 |
| 2 | 2 |   0    | 2 |   0    | 2 |   0    | 2 | 2 | 2 |
| 2 | 2 |   0    | 2 |   0    | 2 |   0    | 2 | 2 | 2 |
+---+---+--------+---+--------+---+--------+---+---+---+
Mejor fitness score: 60 

Gen: 14 Mejor cromosoma: 
+---+---+--------+---+--------+---+--------+---+---+---+
| 2 | 2 |   1    | 2 |   2    | 2 |   1    | 2 | 2 | 2 |
| 2 | 2 |   0    | 2 |   2    | 2 |   0    | 2 | 2 | 2 |
| 1 | 0 | (5, 3) | 0 | (6, 8) | 0 | (3, 5) | 0 | 0 | 0 |
| 2 | 2 |   0    | 2 |   0    | 2 |   0    | 2 | 2 | 2 |
| 2 | 2 |   0    | 2 |   0    | 2 |   0    | 2 | 2 | 2 |
| 2 | 2 |   0    | 2 |   0    | 2 |   0    | 2 | 2 | 2 |
| 1 | 0 | (7, 6) | 0 | (8, 2) | 0 | (2, 1) | 0 | 0 | 0 |
| 2 | 2 |   0    | 2 |   0    | 2 |   0    | 2 | 2 | 2 |
| 2 | 2 |   0    | 2 |   0    | 2 |   0    | 2 | 2 | 2 |
+---+---+--------+---+--------+---+--------+---+---+---+
Mejor fitness score: 60 

Gen: 15 Mejor cromosoma: 
+---+---+--------+---+--------+---+--------+---+---+---+
| 2 | 2 |   1    | 2 |   2    | 2 |   1    | 2 | 2 | 2 |
| 2 | 2 |   0    | 2 |   2    | 2 |   0    | 2 | 2 | 2 |
| 1 | 0 | (5, 4) | 0 | (1, 4) | 0 | (4, 1) | 0 | 0 | 0 |
| 2 | 2 |   0    | 2 |   0    | 2 |   0    | 2 | 2 | 2 |
| 2 | 2 |   0    | 2 |   0    | 2 |   0    | 2 | 2 | 2 |
| 2 | 2 |   0    | 2 |   0    | 2 |   0    | 2 | 2 | 2 |
| 1 | 0 | (3, 2) | 0 | (7, 6) | 0 | (8, 5) | 0 | 0 | 0 |
| 2 | 2 |   0    | 2 |   0    | 2 |   0    | 2 | 2 | 2 |
| 2 | 2 |   0    | 2 |   0    | 2 |   0    | 2 | 2 | 2 |
+---+---+--------+---+--------+---+--------+---+---+---+
Mejor fitness score: 84 

Gen: 16 Mejor cromosoma: 
+---+---+--------+---+--------+---+--------+---+---+---+
| 2 | 2 |   1    | 2 |   2    | 2 |   1    | 2 | 2 | 2 |
| 2 | 2 |   0    | 2 |   2    | 2 |   0    | 2 | 2 | 2 |
| 1 | 0 | (5, 4) | 0 | (1, 4) | 0 | (4, 1) | 0 | 0 | 0 |
| 2 | 2 |   0    | 2 |   0    | 2 |   0    | 2 | 2 | 2 |
| 2 | 2 |   0    | 2 |   0    | 2 |   0    | 2 | 2 | 2 |
| 2 | 2 |   0    | 2 |   0    | 2 |   0    | 2 | 2 | 2 |
| 1 | 0 | (3, 2) | 0 | (7, 6) | 0 | (8, 5) | 0 | 0 | 0 |
| 2 | 2 |   0    | 2 |   0    | 2 |   0    | 2 | 2 | 2 |
| 2 | 2 |   0    | 2 |   0    | 2 |   0    | 2 | 2 | 2 |
+---+---+--------+---+--------+---+--------+---+---+---+
Mejor fitness score: 84 

Gen: 17 Mejor cromosoma: 
+---+---+--------+---+--------+---+--------+---+---+---+
| 2 | 2 |   1    | 2 |   2    | 2 |   1    | 2 | 2 | 2 |
| 2 | 2 |   0    | 2 |   2    | 2 |   0    | 2 | 2 | 2 |
| 1 | 0 | (5, 4) | 0 | (1, 4) | 0 | (4, 1) | 0 | 0 | 0 |
| 2 | 2 |   0    | 2 |   0    | 2 |   0    | 2 | 2 | 2 |
| 2 | 2 |   0    | 2 |   0    | 2 |   0    | 2 | 2 | 2 |
| 2 | 2 |   0    | 2 |   0    | 2 |   0    | 2 | 2 | 2 |
| 1 | 0 | (3, 2) | 0 | (7, 6) | 0 | (8, 5) | 0 | 0 | 0 |
| 2 | 2 |   0    | 2 |   0    | 2 |   0    | 2 | 2 | 2 |
| 2 | 2 |   0    | 2 |   0    | 2 |   0    | 2 | 2 | 2 |
+---+---+--------+---+--------+---+--------+---+---+---+
Mejor fitness score: 84 

Gen: 18 Mejor cromosoma: 
+---+---+--------+---+--------+---+--------+---+---+---+
| 2 | 2 |   1    | 2 |   2    | 2 |   1    | 2 | 2 | 2 |
| 2 | 2 |   0    | 2 |   2    | 2 |   0    | 2 | 2 | 2 |
| 1 | 0 | (5, 4) | 0 | (1, 4) | 0 | (4, 1) | 0 | 0 | 0 |
| 2 | 2 |   0    | 2 |   0    | 2 |   0    | 2 | 2 | 2 |
| 2 | 2 |   0    | 2 |   0    | 2 |   0    | 2 | 2 | 2 |
| 2 | 2 |   0    | 2 |   0    | 2 |   0    | 2 | 2 | 2 |
| 1 | 0 | (3, 2) | 0 | (7, 6) | 0 | (8, 5) | 0 | 0 | 0 |
| 2 | 2 |   0    | 2 |   0    | 2 |   0    | 2 | 2 | 2 |
| 2 | 2 |   0    | 2 |   0    | 2 |   0    | 2 | 2 | 2 |
+---+---+--------+---+--------+---+--------+---+---+---+
Mejor fitness score: 84 

Gen: 19 Mejor cromosoma: 
+---+---+--------+---+--------+---+--------+---+---+---+
| 2 | 2 |   1    | 2 |   2    | 2 |   1    | 2 | 2 | 2 |
| 2 | 2 |   0    | 2 |   2    | 2 |   0    | 2 | 2 | 2 |
| 1 | 0 | (5, 4) | 0 | (1, 4) | 0 | (4, 1) | 0 | 0 | 0 |
| 2 | 2 |   0    | 2 |   0    | 2 |   0    | 2 | 2 | 2 |
| 2 | 2 |   0    | 2 |   0    | 2 |   0    | 2 | 2 | 2 |
| 2 | 2 |   0    | 2 |   0    | 2 |   0    | 2 | 2 | 2 |
| 1 | 0 | (3, 2) | 0 | (7, 6) | 0 | (8, 5) | 0 | 0 | 0 |
| 2 | 2 |   0    | 2 |   0    | 2 |   0    | 2 | 2 | 2 |
| 2 | 2 |   0    | 2 |   0    | 2 |   0    | 2 | 2 | 2 |
+---+---+--------+---+--------+---+--------+---+---+---+
Mejor fitness score: 84 

Gen: 20 Mejor cromosoma: 
+---+---+--------+---+--------+---+--------+---+---+---+
| 2 | 2 |   1    | 2 |   2    | 2 |   1    | 2 | 2 | 2 |
| 2 | 2 |   0    | 2 |   2    | 2 |   0    | 2 | 2 | 2 |
| 1 | 0 | (5, 4) | 0 | (1, 4) | 0 | (4, 1) | 0 | 0 | 0 |
| 2 | 2 |   0    | 2 |   0    | 2 |   0    | 2 | 2 | 2 |
| 2 | 2 |   0    | 2 |   0    | 2 |   0    | 2 | 2 | 2 |
| 2 | 2 |   0    | 2 |   0    | 2 |   0    | 2 | 2 | 2 |
| 1 | 0 | (3, 2) | 0 | (7, 6) | 0 | (8, 5) | 0 | 0 | 0 |
| 2 | 2 |   0    | 2 |   0    | 2 |   0    | 2 | 2 | 2 |
| 2 | 2 |   0    | 2 |   0    | 2 |   0    | 2 | 2 | 2 |
+---+---+--------+---+--------+---+--------+---+---+---+
Mejor fitness score: 84 

Gen: 21 Mejor cromosoma: 
+---+---+--------+---+--------+---+--------+---+---+---+
| 2 | 2 |   1    | 2 |   2    | 2 |   1    | 2 | 2 | 2 |
| 2 | 2 |   0    | 2 |   2    | 2 |   0    | 2 | 2 | 2 |
| 1 | 0 | (5, 4) | 0 | (1, 4) | 0 | (4, 1) | 0 | 0 | 0 |
| 2 | 2 |   0    | 2 |   0    | 2 |   0    | 2 | 2 | 2 |
| 2 | 2 |   0    | 2 |   0    | 2 |   0    | 2 | 2 | 2 |
| 2 | 2 |   0    | 2 |   0    | 2 |   0    | 2 | 2 | 2 |
| 1 | 0 | (3, 2) | 0 | (7, 6) | 0 | (8, 5) | 0 | 0 | 0 |
| 2 | 2 |   0    | 2 |   0    | 2 |   0    | 2 | 2 | 2 |
| 2 | 2 |   0    | 2 |   0    | 2 |   0    | 2 | 2 | 2 |
+---+---+--------+---+--------+---+--------+---+---+---+
Mejor fitness score: 84 

Gen: 22 Mejor cromosoma: 
+---+---+--------+---+--------+---+--------+---+---+---+
| 2 | 2 |   1    | 2 |   2    | 2 |   1    | 2 | 2 | 2 |
| 2 | 2 |   0    | 2 |   2    | 2 |   0    | 2 | 2 | 2 |
| 1 | 0 | (5, 4) | 0 | (1, 4) | 0 | (4, 1) | 0 | 0 | 0 |
| 2 | 2 |   0    | 2 |   0    | 2 |   0    | 2 | 2 | 2 |
| 2 | 2 |   0    | 2 |   0    | 2 |   0    | 2 | 2 | 2 |
| 2 | 2 |   0    | 2 |   0    | 2 |   0    | 2 | 2 | 2 |
| 1 | 0 | (3, 2) | 0 | (7, 6) | 0 | (8, 5) | 0 | 0 | 0 |
| 2 | 2 |   0    | 2 |   0    | 2 |   0    | 2 | 2 | 2 |
| 2 | 2 |   0    | 2 |   0    | 2 |   0    | 2 | 2 | 2 |
+---+---+--------+---+--------+---+--------+---+---+---+
Mejor fitness score: 84 

Gen: 23 Mejor cromosoma: 
+---+---+--------+---+--------+---+--------+---+---+---+
| 2 | 2 |   1    | 2 |   2    | 2 |   1    | 2 | 2 | 2 |
| 2 | 2 |   0    | 2 |   2    | 2 |   0    | 2 | 2 | 2 |
| 1 | 0 | (5, 4) | 0 | (1, 4) | 0 | (4, 1) | 0 | 0 | 0 |
| 2 | 2 |   0    | 2 |   0    | 2 |   0    | 2 | 2 | 2 |
| 2 | 2 |   0    | 2 |   0    | 2 |   0    | 2 | 2 | 2 |
| 2 | 2 |   0    | 2 |   0    | 2 |   0    | 2 | 2 | 2 |
| 1 | 0 | (3, 2) | 0 | (7, 6) | 0 | (8, 5) | 0 | 0 | 0 |
| 2 | 2 |   0    | 2 |   0    | 2 |   0    | 2 | 2 | 2 |
| 2 | 2 |   0    | 2 |   0    | 2 |   0    | 2 | 2 | 2 |
+---+---+--------+---+--------+---+--------+---+---+---+
Mejor fitness score: 84 

Gen: 24 Mejor cromosoma: 
+---+---+--------+---+--------+---+--------+---+---+---+
| 2 | 2 |   1    | 2 |   2    | 2 |   1    | 2 | 2 | 2 |
| 2 | 2 |   0    | 2 |   2    | 2 |   0    | 2 | 2 | 2 |
| 1 | 0 | (5, 4) | 0 | (1, 4) | 0 | (4, 1) | 0 | 0 | 0 |
| 2 | 2 |   0    | 2 |   0    | 2 |   0    | 2 | 2 | 2 |
| 2 | 2 |   0    | 2 |   0    | 2 |   0    | 2 | 2 | 2 |
| 2 | 2 |   0    | 2 |   0    | 2 |   0    | 2 | 2 | 2 |
| 1 | 0 | (3, 2) | 0 | (7, 6) | 0 | (8, 5) | 0 | 0 | 0 |
| 2 | 2 |   0    | 2 |   0    | 2 |   0    | 2 | 2 | 2 |
| 2 | 2 |   0    | 2 |   0    | 2 |   0    | 2 | 2 | 2 |
+---+---+--------+---+--------+---+--------+---+---+---+
Mejor fitness score: 84 

Gen: 25 Mejor cromosoma: 
+---+---+--------+---+--------+---+--------+---+---+---+
| 2 | 2 |   1    | 2 |   2    | 2 |   1    | 2 | 2 | 2 |
| 2 | 2 |   0    | 2 |   2    | 2 |   0    | 2 | 2 | 2 |
| 1 | 0 | (5, 4) | 0 | (1, 4) | 0 | (4, 1) | 0 | 0 | 0 |
| 2 | 2 |   0    | 2 |   0    | 2 |   0    | 2 | 2 | 2 |
| 2 | 2 |   0    | 2 |   0    | 2 |   0    | 2 | 2 | 2 |
| 2 | 2 |   0    | 2 |   0    | 2 |   0    | 2 | 2 | 2 |
| 1 | 0 | (3, 2) | 0 | (7, 6) | 0 | (8, 5) | 0 | 0 | 0 |
| 2 | 2 |   0    | 2 |   0    | 2 |   0    | 2 | 2 | 2 |
| 2 | 2 |   0    | 2 |   0    | 2 |   0    | 2 | 2 | 2 |
+---+---+--------+---+--------+---+--------+---+---+---+
Mejor fitness score: 84 

Gen: 26 Mejor cromosoma: 
+---+---+--------+---+--------+---+--------+---+---+---+
| 2 | 2 |   1    | 2 |   2    | 2 |   1    | 2 | 2 | 2 |
| 2 | 2 |   0    | 2 |   2    | 2 |   0    | 2 | 2 | 2 |
| 1 | 0 | (5, 4) | 0 | (1, 4) | 0 | (4, 1) | 0 | 0 | 0 |
| 2 | 2 |   0    | 2 |   0    | 2 |   0    | 2 | 2 | 2 |
| 2 | 2 |   0    | 2 |   0    | 2 |   0    | 2 | 2 | 2 |
| 2 | 2 |   0    | 2 |   0    | 2 |   0    | 2 | 2 | 2 |
| 1 | 0 | (3, 2) | 0 | (7, 6) | 0 | (8, 5) | 0 | 0 | 0 |
| 2 | 2 |   0    | 2 |   0    | 2 |   0    | 2 | 2 | 2 |
| 2 | 2 |   0    | 2 |   0    | 2 |   0    | 2 | 2 | 2 |
+---+---+--------+---+--------+---+--------+---+---+---+
Mejor fitness score: 84 

Gen: 27 Mejor cromosoma: 
+---+---+--------+---+--------+---+--------+---+---+---+
| 2 | 2 |   1    | 2 |   2    | 2 |   1    | 2 | 2 | 2 |
| 2 | 2 |   0    | 2 |   2    | 2 |   0    | 2 | 2 | 2 |
| 1 | 0 | (5, 4) | 0 | (1, 4) | 0 | (4, 1) | 0 | 0 | 0 |
| 2 | 2 |   0    | 2 |   0    | 2 |   0    | 2 | 2 | 2 |
| 2 | 2 |   0    | 2 |   0    | 2 |   0    | 2 | 2 | 2 |
| 2 | 2 |   0    | 2 |   0    | 2 |   0    | 2 | 2 | 2 |
| 1 | 0 | (3, 2) | 0 | (7, 6) | 0 | (8, 5) | 0 | 0 | 0 |
| 2 | 2 |   0    | 2 |   0    | 2 |   0    | 2 | 2 | 2 |
| 2 | 2 |   0    | 2 |   0    | 2 |   0    | 2 | 2 | 2 |
+---+---+--------+---+--------+---+--------+---+---+---+
Mejor fitness score: 84 

Gen: 28 Mejor cromosoma: 
+---+---+--------+---+--------+---+--------+---+---+---+
| 2 | 2 |   1    | 2 |   2    | 2 |   1    | 2 | 2 | 2 |
| 2 | 2 |   0    | 2 |   2    | 2 |   0    | 2 | 2 | 2 |
| 1 | 0 | (5, 4) | 0 | (1, 4) | 0 | (4, 1) | 0 | 0 | 0 |
| 2 | 2 |   0    | 2 |   0    | 2 |   0    | 2 | 2 | 2 |
| 2 | 2 |   0    | 2 |   0    | 2 |   0    | 2 | 2 | 2 |
| 2 | 2 |   0    | 2 |   0    | 2 |   0    | 2 | 2 | 2 |
| 1 | 0 | (3, 2) | 0 | (7, 6) | 0 | (8, 5) | 0 | 0 | 0 |
| 2 | 2 |   0    | 2 |   0    | 2 |   0    | 2 | 2 | 2 |
| 2 | 2 |   0    | 2 |   0    | 2 |   0    | 2 | 2 | 2 |
+---+---+--------+---+--------+---+--------+---+---+---+
Mejor fitness score: 84 

Gen: 29 Mejor cromosoma: 
+---+---+--------+---+--------+---+--------+---+---+---+
| 2 | 2 |   1    | 2 |   2    | 2 |   1    | 2 | 2 | 2 |
| 2 | 2 |   0    | 2 |   2    | 2 |   0    | 2 | 2 | 2 |
| 1 | 0 | (5, 4) | 0 | (1, 4) | 0 | (4, 1) | 0 | 0 | 0 |
| 2 | 2 |   0    | 2 |   0    | 2 |   0    | 2 | 2 | 2 |
| 2 | 2 |   0    | 2 |   0    | 2 |   0    | 2 | 2 | 2 |
| 2 | 2 |   0    | 2 |   0    | 2 |   0    | 2 | 2 | 2 |
| 1 | 0 | (3, 2) | 0 | (7, 6) | 0 | (8, 5) | 0 | 0 | 0 |
| 2 | 2 |   0    | 2 |   0    | 2 |   0    | 2 | 2 | 2 |
| 2 | 2 |   0    | 2 |   0    | 2 |   0    | 2 | 2 | 2 |
+---+---+--------+---+--------+---+--------+---+---+---+
Mejor fitness score: 84 

Gen: 30 Mejor cromosoma: 
+---+---+--------+---+--------+---+--------+---+---+---+
| 2 | 2 |   1    | 2 |   2    | 2 |   1    | 2 | 2 | 2 |
| 2 | 2 |   0    | 2 |   2    | 2 |   0    | 2 | 2 | 2 |
| 1 | 0 | (5, 4) | 0 | (1, 4) | 0 | (4, 1) | 0 | 0 | 0 |
| 2 | 2 |   0    | 2 |   0    | 2 |   0    | 2 | 2 | 2 |
| 2 | 2 |   0    | 2 |   0    | 2 |   0    | 2 | 2 | 2 |
| 2 | 2 |   0    | 2 |   0    | 2 |   0    | 2 | 2 | 2 |
| 1 | 0 | (3, 2) | 0 | (7, 6) | 0 | (8, 5) | 0 | 0 | 0 |
| 2 | 2 |   0    | 2 |   0    | 2 |   0    | 2 | 2 | 2 |
| 2 | 2 |   0    | 2 |   0    | 2 |   0    | 2 | 2 | 2 |
+---+---+--------+---+--------+---+--------+---+---+---+
Mejor fitness score: 84 

Gen: 31 Mejor cromosoma: 
+---+---+--------+---+--------+---+--------+---+---+---+
| 2 | 2 |   1    | 2 |   2    | 2 |   1    | 2 | 2 | 2 |
| 2 | 2 |   0    | 2 |   2    | 2 |   0    | 2 | 2 | 2 |
| 1 | 0 | (5, 4) | 0 | (1, 4) | 0 | (4, 1) | 0 | 0 | 0 |
| 2 | 2 |   0    | 2 |   0    | 2 |   0    | 2 | 2 | 2 |
| 2 | 2 |   0    | 2 |   0    | 2 |   0    | 2 | 2 | 2 |
| 2 | 2 |   0    | 2 |   0    | 2 |   0    | 2 | 2 | 2 |
| 1 | 0 | (3, 2) | 0 | (7, 6) | 0 | (8, 5) | 0 | 0 | 0 |
| 2 | 2 |   0    | 2 |   0    | 2 |   0    | 2 | 2 | 2 |
| 2 | 2 |   0    | 2 |   0    | 2 |   0    | 2 | 2 | 2 |
+---+---+--------+---+--------+---+--------+---+---+---+
Mejor fitness score: 84 

Gen: 32 Mejor cromosoma: 
+---+---+--------+---+--------+---+--------+---+---+---+
| 2 | 2 |   1    | 2 |   2    | 2 |   1    | 2 | 2 | 2 |
| 2 | 2 |   0    | 2 |   2    | 2 |   0    | 2 | 2 | 2 |
| 1 | 0 | (5, 4) | 0 | (1, 4) | 0 | (4, 1) | 0 | 0 | 0 |
| 2 | 2 |   0    | 2 |   0    | 2 |   0    | 2 | 2 | 2 |
| 2 | 2 |   0    | 2 |   0    | 2 |   0    | 2 | 2 | 2 |
| 2 | 2 |   0    | 2 |   0    | 2 |   0    | 2 | 2 | 2 |
| 1 | 0 | (3, 2) | 0 | (7, 6) | 0 | (8, 5) | 0 | 0 | 0 |
| 2 | 2 |   0    | 2 |   0    | 2 |   0    | 2 | 2 | 2 |
| 2 | 2 |   0    | 2 |   0    | 2 |   0    | 2 | 2 | 2 |
+---+---+--------+---+--------+---+--------+---+---+---+
Mejor fitness score: 84 

Gen: 33 Mejor cromosoma: 
+---+---+--------+---+--------+---+--------+---+---+---+
| 2 | 2 |   1    | 2 |   2    | 2 |   1    | 2 | 2 | 2 |
| 2 | 2 |   0    | 2 |   2    | 2 |   0    | 2 | 2 | 2 |
| 1 | 0 | (5, 4) | 0 | (1, 4) | 0 | (4, 1) | 0 | 0 | 0 |
| 2 | 2 |   0    | 2 |   0    | 2 |   0    | 2 | 2 | 2 |
| 2 | 2 |   0    | 2 |   0    | 2 |   0    | 2 | 2 | 2 |
| 2 | 2 |   0    | 2 |   0    | 2 |   0    | 2 | 2 | 2 |
| 1 | 0 | (3, 2) | 0 | (7, 6) | 0 | (8, 5) | 0 | 0 | 0 |
| 2 | 2 |   0    | 2 |   0    | 2 |   0    | 2 | 2 | 2 |
| 2 | 2 |   0    | 2 |   0    | 2 |   0    | 2 | 2 | 2 |
+---+---+--------+---+--------+---+--------+---+---+---+
Mejor fitness score: 84 

Gen: 34 Mejor cromosoma: 
+---+---+--------+---+--------+---+--------+---+---+---+
| 2 | 2 |   1    | 2 |   2    | 2 |   1    | 2 | 2 | 2 |
| 2 | 2 |   0    | 2 |   2    | 2 |   0    | 2 | 2 | 2 |
| 1 | 0 | (5, 4) | 0 | (1, 4) | 0 | (4, 1) | 0 | 0 | 0 |
| 2 | 2 |   0    | 2 |   0    | 2 |   0    | 2 | 2 | 2 |
| 2 | 2 |   0    | 2 |   0    | 2 |   0    | 2 | 2 | 2 |
| 2 | 2 |   0    | 2 |   0    | 2 |   0    | 2 | 2 | 2 |
| 1 | 0 | (3, 2) | 0 | (7, 6) | 0 | (8, 5) | 0 | 0 | 0 |
| 2 | 2 |   0    | 2 |   0    | 2 |   0    | 2 | 2 | 2 |
| 2 | 2 |   0    | 2 |   0    | 2 |   0    | 2 | 2 | 2 |
+---+---+--------+---+--------+---+--------+---+---+---+
Mejor fitness score: 84 

Gen: 35 Mejor cromosoma: 
+---+---+--------+---+--------+---+--------+---+---+---+
| 2 | 2 |   1    | 2 |   2    | 2 |   1    | 2 | 2 | 2 |
| 2 | 2 |   0    | 2 |   2    | 2 |   0    | 2 | 2 | 2 |
| 1 | 0 | (5, 4) | 0 | (1, 4) | 0 | (4, 1) | 0 | 0 | 0 |
| 2 | 2 |   0    | 2 |   0    | 2 |   0    | 2 | 2 | 2 |
| 2 | 2 |   0    | 2 |   0    | 2 |   0    | 2 | 2 | 2 |
| 2 | 2 |   0    | 2 |   0    | 2 |   0    | 2 | 2 | 2 |
| 1 | 0 | (3, 2) | 0 | (7, 6) | 0 | (8, 5) | 0 | 0 | 0 |
| 2 | 2 |   0    | 2 |   0    | 2 |   0    | 2 | 2 | 2 |
| 2 | 2 |   0    | 2 |   0    | 2 |   0    | 2 | 2 | 2 |
+---+---+--------+---+--------+---+--------+---+---+---+
Mejor fitness score: 84 

Gen: 36 Mejor cromosoma: 
+---+---+--------+---+--------+---+--------+---+---+---+
| 2 | 2 |   1    | 2 |   2    | 2 |   1    | 2 | 2 | 2 |
| 2 | 2 |   0    | 2 |   2    | 2 |   0    | 2 | 2 | 2 |
| 1 | 0 | (5, 4) | 0 | (1, 4) | 0 | (4, 1) | 0 | 0 | 0 |
| 2 | 2 |   0    | 2 |   0    | 2 |   0    | 2 | 2 | 2 |
| 2 | 2 |   0    | 2 |   0    | 2 |   0    | 2 | 2 | 2 |
| 2 | 2 |   0    | 2 |   0    | 2 |   0    | 2 | 2 | 2 |
| 1 | 0 | (3, 2) | 0 | (7, 6) | 0 | (8, 5) | 0 | 0 | 0 |
| 2 | 2 |   0    | 2 |   0    | 2 |   0    | 2 | 2 | 2 |
| 2 | 2 |   0    | 2 |   0    | 2 |   0    | 2 | 2 | 2 |
+---+---+--------+---+--------+---+--------+---+---+---+
Mejor fitness score: 84 

Gen: 37 Mejor cromosoma: 
+---+---+--------+---+--------+---+--------+---+---+---+
| 2 | 2 |   1    | 2 |   2    | 2 |   1    | 2 | 2 | 2 |
| 2 | 2 |   0    | 2 |   2    | 2 |   0    | 2 | 2 | 2 |
| 1 | 0 | (5, 4) | 0 | (1, 4) | 0 | (4, 1) | 0 | 0 | 0 |
| 2 | 2 |   0    | 2 |   0    | 2 |   0    | 2 | 2 | 2 |
| 2 | 2 |   0    | 2 |   0    | 2 |   0    | 2 | 2 | 2 |
| 2 | 2 |   0    | 2 |   0    | 2 |   0    | 2 | 2 | 2 |
| 1 | 0 | (3, 2) | 0 | (7, 6) | 0 | (8, 5) | 0 | 0 | 0 |
| 2 | 2 |   0    | 2 |   0    | 2 |   0    | 2 | 2 | 2 |
| 2 | 2 |   0    | 2 |   0    | 2 |   0    | 2 | 2 | 2 |
+---+---+--------+---+--------+---+--------+---+---+---+
Mejor fitness score: 84 

Gen: 38 Mejor cromosoma: 
+---+---+--------+---+--------+---+--------+---+---+---+
| 2 | 2 |   1    | 2 |   2    | 2 |   1    | 2 | 2 | 2 |
| 2 | 2 |   0    | 2 |   2    | 2 |   0    | 2 | 2 | 2 |
| 1 | 0 | (5, 4) | 0 | (1, 4) | 0 | (4, 1) | 0 | 0 | 0 |
| 2 | 2 |   0    | 2 |   0    | 2 |   0    | 2 | 2 | 2 |
| 2 | 2 |   0    | 2 |   0    | 2 |   0    | 2 | 2 | 2 |
| 2 | 2 |   0    | 2 |   0    | 2 |   0    | 2 | 2 | 2 |
| 1 | 0 | (3, 2) | 0 | (7, 6) | 0 | (8, 5) | 0 | 0 | 0 |
| 2 | 2 |   0    | 2 |   0    | 2 |   0    | 2 | 2 | 2 |
| 2 | 2 |   0    | 2 |   0    | 2 |   0    | 2 | 2 | 2 |
+---+---+--------+---+--------+---+--------+---+---+---+
Mejor fitness score: 84 

Gen: 39 Mejor cromosoma: 
+---+---+--------+---+--------+---+--------+---+---+---+
| 2 | 2 |   1    | 2 |   2    | 2 |   1    | 2 | 2 | 2 |
| 2 | 2 |   0    | 2 |   2    | 2 |   0    | 2 | 2 | 2 |
| 1 | 0 | (5, 4) | 0 | (1, 4) | 0 | (4, 1) | 0 | 0 | 0 |
| 2 | 2 |   0    | 2 |   0    | 2 |   0    | 2 | 2 | 2 |
| 2 | 2 |   0    | 2 |   0    | 2 |   0    | 2 | 2 | 2 |
| 2 | 2 |   0    | 2 |   0    | 2 |   0    | 2 | 2 | 2 |
| 1 | 0 | (3, 2) | 0 | (7, 6) | 0 | (8, 5) | 0 | 0 | 0 |
| 2 | 2 |   0    | 2 |   0    | 2 |   0    | 2 | 2 | 2 |
| 2 | 2 |   0    | 2 |   0    | 2 |   0    | 2 | 2 | 2 |
+---+---+--------+---+--------+---+--------+---+---+---+
Mejor fitness score: 84 

Gen: 40 Mejor cromosoma: 
+---+---+--------+---+--------+---+--------+---+---+---+
| 2 | 2 |   1    | 2 |   2    | 2 |   1    | 2 | 2 | 2 |
| 2 | 2 |   0    | 2 |   2    | 2 |   0    | 2 | 2 | 2 |
| 1 | 0 | (5, 4) | 0 | (1, 4) | 0 | (4, 1) | 0 | 0 | 0 |
| 2 | 2 |   0    | 2 |   0    | 2 |   0    | 2 | 2 | 2 |
| 2 | 2 |   0    | 2 |   0    | 2 |   0    | 2 | 2 | 2 |
| 2 | 2 |   0    | 2 |   0    | 2 |   0    | 2 | 2 | 2 |
| 1 | 0 | (3, 2) | 0 | (7, 6) | 0 | (8, 5) | 0 | 0 | 0 |
| 2 | 2 |   0    | 2 |   0    | 2 |   0    | 2 | 2 | 2 |
| 2 | 2 |   0    | 2 |   0    | 2 |   0    | 2 | 2 | 2 |
+---+---+--------+---+--------+---+--------+---+---+---+
Mejor fitness score: 84 

Gen: 41 Mejor cromosoma: 
+---+---+--------+---+--------+---+--------+---+---+---+
| 2 | 2 |   1    | 2 |   2    | 2 |   1    | 2 | 2 | 2 |
| 2 | 2 |   0    | 2 |   2    | 2 |   0    | 2 | 2 | 2 |
| 1 | 0 | (5, 4) | 0 | (1, 4) | 0 | (4, 1) | 0 | 0 | 0 |
| 2 | 2 |   0    | 2 |   0    | 2 |   0    | 2 | 2 | 2 |
| 2 | 2 |   0    | 2 |   0    | 2 |   0    | 2 | 2 | 2 |
| 2 | 2 |   0    | 2 |   0    | 2 |   0    | 2 | 2 | 2 |
| 1 | 0 | (3, 2) | 0 | (7, 6) | 0 | (8, 5) | 0 | 0 | 0 |
| 2 | 2 |   0    | 2 |   0    | 2 |   0    | 2 | 2 | 2 |
| 2 | 2 |   0    | 2 |   0    | 2 |   0    | 2 | 2 | 2 |
+---+---+--------+---+--------+---+--------+---+---+---+
Mejor fitness score: 84 

Gen: 42 Mejor cromosoma: 
+---+---+--------+---+--------+---+--------+---+---+---+
| 2 | 2 |   1    | 2 |   2    | 2 |   1    | 2 | 2 | 2 |
| 2 | 2 |   0    | 2 |   2    | 2 |   0    | 2 | 2 | 2 |
| 1 | 0 | (5, 4) | 0 | (1, 4) | 0 | (4, 1) | 0 | 0 | 0 |
| 2 | 2 |   0    | 2 |   0    | 2 |   0    | 2 | 2 | 2 |
| 2 | 2 |   0    | 2 |   0    | 2 |   0    | 2 | 2 | 2 |
| 2 | 2 |   0    | 2 |   0    | 2 |   0    | 2 | 2 | 2 |
| 1 | 0 | (3, 2) | 0 | (7, 6) | 0 | (8, 5) | 0 | 0 | 0 |
| 2 | 2 |   0    | 2 |   0    | 2 |   0    | 2 | 2 | 2 |
| 2 | 2 |   0    | 2 |   0    | 2 |   0    | 2 | 2 | 2 |
+---+---+--------+---+--------+---+--------+---+---+---+
Mejor fitness score: 84 

Gen: 43 Mejor cromosoma: 
+---+---+--------+---+--------+---+--------+---+---+---+
| 2 | 2 |   1    | 2 |   2    | 2 |   1    | 2 | 2 | 2 |
| 2 | 2 |   0    | 2 |   2    | 2 |   0    | 2 | 2 | 2 |
| 1 | 0 | (5, 4) | 0 | (1, 4) | 0 | (4, 1) | 0 | 0 | 0 |
| 2 | 2 |   0    | 2 |   0    | 2 |   0    | 2 | 2 | 2 |
| 2 | 2 |   0    | 2 |   0    | 2 |   0    | 2 | 2 | 2 |
| 2 | 2 |   0    | 2 |   0    | 2 |   0    | 2 | 2 | 2 |
| 1 | 0 | (3, 2) | 0 | (7, 6) | 0 | (8, 5) | 0 | 0 | 0 |
| 2 | 2 |   0    | 2 |   0    | 2 |   0    | 2 | 2 | 2 |
| 2 | 2 |   0    | 2 |   0    | 2 |   0    | 2 | 2 | 2 |
+---+---+--------+---+--------+---+--------+---+---+---+
Mejor fitness score: 84 

Gen: 44 Mejor cromosoma: 
+---+---+--------+---+--------+---+--------+---+---+---+
| 2 | 2 |   1    | 2 |   2    | 2 |   1    | 2 | 2 | 2 |
| 2 | 2 |   0    | 2 |   2    | 2 |   0    | 2 | 2 | 2 |
| 1 | 0 | (5, 4) | 0 | (1, 4) | 0 | (4, 1) | 0 | 0 | 0 |
| 2 | 2 |   0    | 2 |   0    | 2 |   0    | 2 | 2 | 2 |
| 2 | 2 |   0    | 2 |   0    | 2 |   0    | 2 | 2 | 2 |
| 2 | 2 |   0    | 2 |   0    | 2 |   0    | 2 | 2 | 2 |
| 1 | 0 | (3, 2) | 0 | (7, 6) | 0 | (8, 5) | 0 | 0 | 0 |
| 2 | 2 |   0    | 2 |   0    | 2 |   0    | 2 | 2 | 2 |
| 2 | 2 |   0    | 2 |   0    | 2 |   0    | 2 | 2 | 2 |
+---+---+--------+---+--------+---+--------+---+---+---+
Mejor fitness score: 84 

Gen: 45 Mejor cromosoma: 
+---+---+--------+---+--------+---+--------+---+---+---+
| 2 | 2 |   1    | 2 |   2    | 2 |   1    | 2 | 2 | 2 |
| 2 | 2 |   0    | 2 |   2    | 2 |   0    | 2 | 2 | 2 |
| 1 | 0 | (5, 4) | 0 | (1, 4) | 0 | (4, 1) | 0 | 0 | 0 |
| 2 | 2 |   0    | 2 |   0    | 2 |   0    | 2 | 2 | 2 |
| 2 | 2 |   0    | 2 |   0    | 2 |   0    | 2 | 2 | 2 |
| 2 | 2 |   0    | 2 |   0    | 2 |   0    | 2 | 2 | 2 |
| 1 | 0 | (3, 2) | 0 | (7, 6) | 0 | (8, 5) | 0 | 0 | 0 |
| 2 | 2 |   0    | 2 |   0    | 2 |   0    | 2 | 2 | 2 |
| 2 | 2 |   0    | 2 |   0    | 2 |   0    | 2 | 2 | 2 |
+---+---+--------+---+--------+---+--------+---+---+---+
Mejor fitness score: 84 

Gen: 46 Mejor cromosoma: 
+---+---+--------+---+--------+---+--------+---+---+---+
| 2 | 2 |   1    | 2 |   2    | 2 |   1    | 2 | 2 | 2 |
| 2 | 2 |   0    | 2 |   2    | 2 |   0    | 2 | 2 | 2 |
| 1 | 0 | (5, 4) | 0 | (1, 4) | 0 | (4, 1) | 0 | 0 | 0 |
| 2 | 2 |   0    | 2 |   0    | 2 |   0    | 2 | 2 | 2 |
| 2 | 2 |   0    | 2 |   0    | 2 |   0    | 2 | 2 | 2 |
| 2 | 2 |   0    | 2 |   0    | 2 |   0    | 2 | 2 | 2 |
| 1 | 0 | (3, 2) | 0 | (7, 6) | 0 | (8, 5) | 0 | 0 | 0 |
| 2 | 2 |   0    | 2 |   0    | 2 |   0    | 2 | 2 | 2 |
| 2 | 2 |   0    | 2 |   0    | 2 |   0    | 2 | 2 | 2 |
+---+---+--------+---+--------+---+--------+---+---+---+
Mejor fitness score: 84 

Gen: 47 Mejor cromosoma: 
+---+---+--------+---+--------+---+--------+---+---+---+
| 2 | 2 |   1    | 2 |   2    | 2 |   1    | 2 | 2 | 2 |
| 2 | 2 |   0    | 2 |   2    | 2 |   0    | 2 | 2 | 2 |
| 1 | 0 | (5, 4) | 0 | (1, 4) | 0 | (4, 1) | 0 | 0 | 0 |
| 2 | 2 |   0    | 2 |   0    | 2 |   0    | 2 | 2 | 2 |
| 2 | 2 |   0    | 2 |   0    | 2 |   0    | 2 | 2 | 2 |
| 2 | 2 |   0    | 2 |   0    | 2 |   0    | 2 | 2 | 2 |
| 1 | 0 | (3, 2) | 0 | (7, 6) | 0 | (8, 5) | 0 | 0 | 0 |
| 2 | 2 |   0    | 2 |   0    | 2 |   0    | 2 | 2 | 2 |
| 2 | 2 |   0    | 2 |   0    | 2 |   0    | 2 | 2 | 2 |
+---+---+--------+---+--------+---+--------+---+---+---+
Mejor fitness score: 84 

Gen: 48 Mejor cromosoma: 
+---+---+--------+---+--------+---+--------+---+---+---+
| 2 | 2 |   1    | 2 |   2    | 2 |   1    | 2 | 2 | 2 |
| 2 | 2 |   0    | 2 |   2    | 2 |   0    | 2 | 2 | 2 |
| 1 | 0 | (5, 4) | 0 | (1, 4) | 0 | (4, 1) | 0 | 0 | 0 |
| 2 | 2 |   0    | 2 |   0    | 2 |   0    | 2 | 2 | 2 |
| 2 | 2 |   0    | 2 |   0    | 2 |   0    | 2 | 2 | 2 |
| 2 | 2 |   0    | 2 |   0    | 2 |   0    | 2 | 2 | 2 |
| 1 | 0 | (3, 2) | 0 | (7, 6) | 0 | (8, 5) | 0 | 0 | 0 |
| 2 | 2 |   0    | 2 |   0    | 2 |   0    | 2 | 2 | 2 |
| 2 | 2 |   0    | 2 |   0    | 2 |   0    | 2 | 2 | 2 |
+---+---+--------+---+--------+---+--------+---+---+---+
Mejor fitness score: 84 

Gen: 49 Mejor cromosoma: 
+---+---+--------+---+--------+---+--------+---+---+---+
| 2 | 2 |   1    | 2 |   2    | 2 |   1    | 2 | 2 | 2 |
| 2 | 2 |   0    | 2 |   2    | 2 |   0    | 2 | 2 | 2 |
| 1 | 0 | (5, 4) | 0 | (1, 4) | 0 | (4, 1) | 0 | 0 | 0 |
| 2 | 2 |   0    | 2 |   0    | 2 |   0    | 2 | 2 | 2 |
| 2 | 2 |   0    | 2 |   0    | 2 |   0    | 2 | 2 | 2 |
| 2 | 2 |   0    | 2 |   0    | 2 |   0    | 2 | 2 | 2 |
| 1 | 0 | (3, 2) | 0 | (7, 6) | 0 | (8, 5) | 0 | 0 | 0 |
| 2 | 2 |   0    | 2 |   0    | 2 |   0    | 2 | 2 | 2 |
| 2 | 2 |   0    | 2 |   0    | 2 |   0    | 2 | 2 | 2 |
+---+---+--------+---+--------+---+--------+---+---+---+
Mejor fitness score: 84 

Gen: 50 Mejor cromosoma: 
+---+---+--------+---+--------+---+--------+---+---+---+
| 2 | 2 |   1    | 2 |   2    | 2 |   1    | 2 | 2 | 2 |
| 2 | 2 |   0    | 2 |   2    | 2 |   0    | 2 | 2 | 2 |
| 1 | 0 | (5, 4) | 0 | (1, 4) | 0 | (4, 1) | 0 | 0 | 0 |
| 2 | 2 |   0    | 2 |   0    | 2 |   0    | 2 | 2 | 2 |
| 2 | 2 |   0    | 2 |   0    | 2 |   0    | 2 | 2 | 2 |
| 2 | 2 |   0    | 2 |   0    | 2 |   0    | 2 | 2 | 2 |
| 1 | 0 | (3, 2) | 0 | (7, 6) | 0 | (8, 5) | 0 | 0 | 0 |
| 2 | 2 |   0    | 2 |   0    | 2 |   0    | 2 | 2 | 2 |
| 2 | 2 |   0    | 2 |   0    | 2 |   0    | 2 | 2 | 2 |
+---+---+--------+---+--------+---+--------+---+---+---+
Mejor fitness score: 84 

Gen: 51 Mejor cromosoma: 
+---+---+--------+---+--------+---+--------+---+---+---+
| 2 | 2 |   1    | 2 |   2    | 2 |   1    | 2 | 2 | 2 |
| 2 | 2 |   0    | 2 |   2    | 2 |   0    | 2 | 2 | 2 |
| 1 | 0 | (5, 4) | 0 | (1, 4) | 0 | (4, 1) | 0 | 0 | 0 |
| 2 | 2 |   0    | 2 |   0    | 2 |   0    | 2 | 2 | 2 |
| 2 | 2 |   0    | 2 |   0    | 2 |   0    | 2 | 2 | 2 |
| 2 | 2 |   0    | 2 |   0    | 2 |   0    | 2 | 2 | 2 |
| 1 | 0 | (3, 2) | 0 | (7, 6) | 0 | (8, 5) | 0 | 0 | 0 |
| 2 | 2 |   0    | 2 |   0    | 2 |   0    | 2 | 2 | 2 |
| 2 | 2 |   0    | 2 |   0    | 2 |   0    | 2 | 2 | 2 |
+---+---+--------+---+--------+---+--------+---+---+---+
Mejor fitness score: 84 

Gen: 52 Mejor cromosoma: 
+---+---+--------+---+--------+---+--------+---+---+---+
| 2 | 2 |   1    | 2 |   2    | 2 |   1    | 2 | 2 | 2 |
| 2 | 2 |   0    | 2 |   2    | 2 |   0    | 2 | 2 | 2 |
| 1 | 0 | (5, 4) | 0 | (1, 4) | 0 | (4, 1) | 0 | 0 | 0 |
| 2 | 2 |   0    | 2 |   0    | 2 |   0    | 2 | 2 | 2 |
| 2 | 2 |   0    | 2 |   0    | 2 |   0    | 2 | 2 | 2 |
| 2 | 2 |   0    | 2 |   0    | 2 |   0    | 2 | 2 | 2 |
| 1 | 0 | (3, 2) | 0 | (7, 6) | 0 | (8, 5) | 0 | 0 | 0 |
| 2 | 2 |   0    | 2 |   0    | 2 |   0    | 2 | 2 | 2 |
| 2 | 2 |   0    | 2 |   0    | 2 |   0    | 2 | 2 | 2 |
+---+---+--------+---+--------+---+--------+---+---+---+
Mejor fitness score: 84 

Gen: 53 Mejor cromosoma: 
+---+---+--------+---+--------+---+--------+---+---+---+
| 2 | 2 |   1    | 2 |   2    | 2 |   1    | 2 | 2 | 2 |
| 2 | 2 |   0    | 2 |   2    | 2 |   0    | 2 | 2 | 2 |
| 1 | 0 | (5, 4) | 0 | (1, 4) | 0 | (4, 1) | 0 | 0 | 0 |
| 2 | 2 |   0    | 2 |   0    | 2 |   0    | 2 | 2 | 2 |
| 2 | 2 |   0    | 2 |   0    | 2 |   0    | 2 | 2 | 2 |
| 2 | 2 |   0    | 2 |   0    | 2 |   0    | 2 | 2 | 2 |
| 1 | 0 | (3, 2) | 0 | (7, 6) | 0 | (8, 5) | 0 | 0 | 0 |
| 2 | 2 |   0    | 2 |   0    | 2 |   0    | 2 | 2 | 2 |
| 2 | 2 |   0    | 2 |   0    | 2 |   0    | 2 | 2 | 2 |
+---+---+--------+---+--------+---+--------+---+---+---+
Mejor fitness score: 84 

Gen: 54 Mejor cromosoma: 
+---+---+--------+---+--------+---+--------+---+---+---+
| 2 | 2 |   1    | 2 |   2    | 2 |   1    | 2 | 2 | 2 |
| 2 | 2 |   0    | 2 |   2    | 2 |   0    | 2 | 2 | 2 |
| 1 | 0 | (5, 4) | 0 | (1, 4) | 0 | (4, 1) | 0 | 0 | 0 |
| 2 | 2 |   0    | 2 |   0    | 2 |   0    | 2 | 2 | 2 |
| 2 | 2 |   0    | 2 |   0    | 2 |   0    | 2 | 2 | 2 |
| 2 | 2 |   0    | 2 |   0    | 2 |   0    | 2 | 2 | 2 |
| 1 | 0 | (3, 2) | 0 | (7, 6) | 0 | (8, 5) | 0 | 0 | 0 |
| 2 | 2 |   0    | 2 |   0    | 2 |   0    | 2 | 2 | 2 |
| 2 | 2 |   0    | 2 |   0    | 2 |   0    | 2 | 2 | 2 |
+---+---+--------+---+--------+---+--------+---+---+---+
Mejor fitness score: 84 

Gen: 55 Mejor cromosoma: 
+---+---+--------+---+--------+---+--------+---+---+---+
| 2 | 2 |   1    | 2 |   2    | 2 |   1    | 2 | 2 | 2 |
| 2 | 2 |   0    | 2 |   2    | 2 |   0    | 2 | 2 | 2 |
| 1 | 0 | (5, 4) | 0 | (1, 4) | 0 | (4, 1) | 0 | 0 | 0 |
| 2 | 2 |   0    | 2 |   0    | 2 |   0    | 2 | 2 | 2 |
| 2 | 2 |   0    | 2 |   0    | 2 |   0    | 2 | 2 | 2 |
| 2 | 2 |   0    | 2 |   0    | 2 |   0    | 2 | 2 | 2 |
| 1 | 0 | (3, 2) | 0 | (7, 6) | 0 | (8, 5) | 0 | 0 | 0 |
| 2 | 2 |   0    | 2 |   0    | 2 |   0    | 2 | 2 | 2 |
| 2 | 2 |   0    | 2 |   0    | 2 |   0    | 2 | 2 | 2 |
+---+---+--------+---+--------+---+--------+---+---+---+
Mejor fitness score: 84 

Gen: 56 Mejor cromosoma: 
+---+---+--------+---+--------+---+--------+---+---+---+
| 2 | 2 |   1    | 2 |   2    | 2 |   1    | 2 | 2 | 2 |
| 2 | 2 |   0    | 2 |   2    | 2 |   0    | 2 | 2 | 2 |
| 1 | 0 | (5, 4) | 0 | (1, 4) | 0 | (4, 1) | 0 | 0 | 0 |
| 2 | 2 |   0    | 2 |   0    | 2 |   0    | 2 | 2 | 2 |
| 2 | 2 |   0    | 2 |   0    | 2 |   0    | 2 | 2 | 2 |
| 2 | 2 |   0    | 2 |   0    | 2 |   0    | 2 | 2 | 2 |
| 1 | 0 | (3, 2) | 0 | (7, 6) | 0 | (8, 5) | 0 | 0 | 0 |
| 2 | 2 |   0    | 2 |   0    | 2 |   0    | 2 | 2 | 2 |
| 2 | 2 |   0    | 2 |   0    | 2 |   0    | 2 | 2 | 2 |
+---+---+--------+---+--------+---+--------+---+---+---+
Mejor fitness score: 84 

Gen: 57 Mejor cromosoma: 
+---+---+--------+---+--------+---+--------+---+---+---+
| 2 | 2 |   1    | 2 |   2    | 2 |   1    | 2 | 2 | 2 |
| 2 | 2 |   0    | 2 |   2    | 2 |   0    | 2 | 2 | 2 |
| 1 | 0 | (5, 4) | 0 | (1, 4) | 0 | (4, 1) | 0 | 0 | 0 |
| 2 | 2 |   0    | 2 |   0    | 2 |   0    | 2 | 2 | 2 |
| 2 | 2 |   0    | 2 |   0    | 2 |   0    | 2 | 2 | 2 |
| 2 | 2 |   0    | 2 |   0    | 2 |   0    | 2 | 2 | 2 |
| 1 | 0 | (3, 2) | 0 | (7, 6) | 0 | (8, 5) | 0 | 0 | 0 |
| 2 | 2 |   0    | 2 |   0    | 2 |   0    | 2 | 2 | 2 |
| 2 | 2 |   0    | 2 |   0    | 2 |   0    | 2 | 2 | 2 |
+---+---+--------+---+--------+---+--------+---+---+---+
Mejor fitness score: 84 

Gen: 58 Mejor cromosoma: 
+---+---+--------+---+--------+---+--------+---+---+---+
| 2 | 2 |   1    | 2 |   2    | 2 |   1    | 2 | 2 | 2 |
| 2 | 2 |   0    | 2 |   2    | 2 |   0    | 2 | 2 | 2 |
| 1 | 0 | (5, 4) | 0 | (1, 4) | 0 | (4, 1) | 0 | 0 | 0 |
| 2 | 2 |   0    | 2 |   0    | 2 |   0    | 2 | 2 | 2 |
| 2 | 2 |   0    | 2 |   0    | 2 |   0    | 2 | 2 | 2 |
| 2 | 2 |   0    | 2 |   0    | 2 |   0    | 2 | 2 | 2 |
| 1 | 0 | (3, 2) | 0 | (7, 6) | 0 | (8, 5) | 0 | 0 | 0 |
| 2 | 2 |   0    | 2 |   0    | 2 |   0    | 2 | 2 | 2 |
| 2 | 2 |   0    | 2 |   0    | 2 |   0    | 2 | 2 | 2 |
+---+---+--------+---+--------+---+--------+---+---+---+
Mejor fitness score: 84 

Gen: 59 Mejor cromosoma: 
+---+---+--------+---+--------+---+--------+---+---+---+
| 2 | 2 |   1    | 2 |   2    | 2 |   1    | 2 | 2 | 2 |
| 2 | 2 |   0    | 2 |   2    | 2 |   0    | 2 | 2 | 2 |
| 1 | 0 | (5, 4) | 0 | (1, 4) | 0 | (4, 1) | 0 | 0 | 0 |
| 2 | 2 |   0    | 2 |   0    | 2 |   0    | 2 | 2 | 2 |
| 2 | 2 |   0    | 2 |   0    | 2 |   0    | 2 | 2 | 2 |
| 2 | 2 |   0    | 2 |   0    | 2 |   0    | 2 | 2 | 2 |
| 1 | 0 | (3, 2) | 0 | (7, 6) | 0 | (8, 5) | 0 | 0 | 0 |
| 2 | 2 |   0    | 2 |   0    | 2 |   0    | 2 | 2 | 2 |
| 2 | 2 |   0    | 2 |   0    | 2 |   0    | 2 | 2 | 2 |
+---+---+--------+---+--------+---+--------+---+---+---+
Mejor fitness score: 84 

Gen: 60 Mejor cromosoma: 
+---+---+--------+---+--------+---+--------+---+---+---+
| 2 | 2 |   1    | 2 |   2    | 2 |   1    | 2 | 2 | 2 |
| 2 | 2 |   0    | 2 |   2    | 2 |   0    | 2 | 2 | 2 |
| 1 | 0 | (5, 4) | 0 | (1, 4) | 0 | (4, 1) | 0 | 0 | 0 |
| 2 | 2 |   0    | 2 |   0    | 2 |   0    | 2 | 2 | 2 |
| 2 | 2 |   0    | 2 |   0    | 2 |   0    | 2 | 2 | 2 |
| 2 | 2 |   0    | 2 |   0    | 2 |   0    | 2 | 2 | 2 |
| 1 | 0 | (3, 2) | 0 | (7, 6) | 0 | (8, 5) | 0 | 0 | 0 |
| 2 | 2 |   0    | 2 |   0    | 2 |   0    | 2 | 2 | 2 |
| 2 | 2 |   0    | 2 |   0    | 2 |   0    | 2 | 2 | 2 |
+---+---+--------+---+--------+---+--------+---+---+---+
Mejor fitness score: 84 

Gen: 61 Mejor cromosoma: 
+---+---+--------+---+--------+---+--------+---+---+---+
| 2 | 2 |   1    | 2 |   2    | 2 |   1    | 2 | 2 | 2 |
| 2 | 2 |   0    | 2 |   2    | 2 |   0    | 2 | 2 | 2 |
| 1 | 0 | (5, 4) | 0 | (1, 4) | 0 | (4, 1) | 0 | 0 | 0 |
| 2 | 2 |   0    | 2 |   0    | 2 |   0    | 2 | 2 | 2 |
| 2 | 2 |   0    | 2 |   0    | 2 |   0    | 2 | 2 | 2 |
| 2 | 2 |   0    | 2 |   0    | 2 |   0    | 2 | 2 | 2 |
| 1 | 0 | (3, 2) | 0 | (7, 6) | 0 | (8, 5) | 0 | 0 | 0 |
| 2 | 2 |   0    | 2 |   0    | 2 |   0    | 2 | 2 | 2 |
| 2 | 2 |   0    | 2 |   0    | 2 |   0    | 2 | 2 | 2 |
+---+---+--------+---+--------+---+--------+---+---+---+
Mejor fitness score: 84 

Gen: 62 Mejor cromosoma: 
+---+---+--------+---+--------+---+--------+---+---+---+
| 2 | 2 |   1    | 2 |   2    | 2 |   1    | 2 | 2 | 2 |
| 2 | 2 |   0    | 2 |   2    | 2 |   0    | 2 | 2 | 2 |
| 1 | 0 | (5, 4) | 0 | (1, 4) | 0 | (4, 1) | 0 | 0 | 0 |
| 2 | 2 |   0    | 2 |   0    | 2 |   0    | 2 | 2 | 2 |
| 2 | 2 |   0    | 2 |   0    | 2 |   0    | 2 | 2 | 2 |
| 2 | 2 |   0    | 2 |   0    | 2 |   0    | 2 | 2 | 2 |
| 1 | 0 | (3, 2) | 0 | (7, 6) | 0 | (8, 5) | 0 | 0 | 0 |
| 2 | 2 |   0    | 2 |   0    | 2 |   0    | 2 | 2 | 2 |
| 2 | 2 |   0    | 2 |   0    | 2 |   0    | 2 | 2 | 2 |
+---+---+--------+---+--------+---+--------+---+---+---+
Mejor fitness score: 84 

Gen: 63 Mejor cromosoma: 
+---+---+--------+---+--------+---+--------+---+---+---+
| 2 | 2 |   1    | 2 |   2    | 2 |   1    | 2 | 2 | 2 |
| 2 | 2 |   0    | 2 |   2    | 2 |   0    | 2 | 2 | 2 |
| 1 | 0 | (5, 4) | 0 | (1, 4) | 0 | (4, 1) | 0 | 0 | 0 |
| 2 | 2 |   0    | 2 |   0    | 2 |   0    | 2 | 2 | 2 |
| 2 | 2 |   0    | 2 |   0    | 2 |   0    | 2 | 2 | 2 |
| 2 | 2 |   0    | 2 |   0    | 2 |   0    | 2 | 2 | 2 |
| 1 | 0 | (3, 2) | 0 | (7, 6) | 0 | (8, 5) | 0 | 0 | 0 |
| 2 | 2 |   0    | 2 |   0    | 2 |   0    | 2 | 2 | 2 |
| 2 | 2 |   0    | 2 |   0    | 2 |   0    | 2 | 2 | 2 |
+---+---+--------+---+--------+---+--------+---+---+---+
Mejor fitness score: 84 

Gen: 64 Mejor cromosoma: 
+---+---+--------+---+--------+---+--------+---+---+---+
| 2 | 2 |   1    | 2 |   2    | 2 |   1    | 2 | 2 | 2 |
| 2 | 2 |   0    | 2 |   2    | 2 |   0    | 2 | 2 | 2 |
| 1 | 0 | (5, 4) | 0 | (1, 4) | 0 | (4, 1) | 0 | 0 | 0 |
| 2 | 2 |   0    | 2 |   0    | 2 |   0    | 2 | 2 | 2 |
| 2 | 2 |   0    | 2 |   0    | 2 |   0    | 2 | 2 | 2 |
| 2 | 2 |   0    | 2 |   0    | 2 |   0    | 2 | 2 | 2 |
| 1 | 0 | (3, 2) | 0 | (7, 6) | 0 | (8, 5) | 0 | 0 | 0 |
| 2 | 2 |   0    | 2 |   0    | 2 |   0    | 2 | 2 | 2 |
| 2 | 2 |   0    | 2 |   0    | 2 |   0    | 2 | 2 | 2 |
+---+---+--------+---+--------+---+--------+---+---+---+
Mejor fitness score: 84 

Gen: 65 Mejor cromosoma: 
+---+---+--------+---+--------+---+--------+---+---+---+
| 2 | 2 |   1    | 2 |   2    | 2 |   1    | 2 | 2 | 2 |
| 2 | 2 |   0    | 2 |   2    | 2 |   0    | 2 | 2 | 2 |
| 1 | 0 | (5, 4) | 0 | (1, 4) | 0 | (4, 1) | 0 | 0 | 0 |
| 2 | 2 |   0    | 2 |   0    | 2 |   0    | 2 | 2 | 2 |
| 2 | 2 |   0    | 2 |   0    | 2 |   0    | 2 | 2 | 2 |
| 2 | 2 |   0    | 2 |   0    | 2 |   0    | 2 | 2 | 2 |
| 1 | 0 | (3, 2) | 0 | (7, 6) | 0 | (8, 5) | 0 | 0 | 0 |
| 2 | 2 |   0    | 2 |   0    | 2 |   0    | 2 | 2 | 2 |
| 2 | 2 |   0    | 2 |   0    | 2 |   0    | 2 | 2 | 2 |
+---+---+--------+---+--------+---+--------+---+---+---+
Mejor fitness score: 84 

Gen: 66 Mejor cromosoma: 
+---+---+--------+---+--------+---+--------+---+---+---+
| 2 | 2 |   1    | 2 |   2    | 2 |   1    | 2 | 2 | 2 |
| 2 | 2 |   0    | 2 |   2    | 2 |   0    | 2 | 2 | 2 |
| 1 | 0 | (5, 4) | 0 | (1, 4) | 0 | (4, 1) | 0 | 0 | 0 |
| 2 | 2 |   0    | 2 |   0    | 2 |   0    | 2 | 2 | 2 |
| 2 | 2 |   0    | 2 |   0    | 2 |   0    | 2 | 2 | 2 |
| 2 | 2 |   0    | 2 |   0    | 2 |   0    | 2 | 2 | 2 |
| 1 | 0 | (3, 2) | 0 | (7, 6) | 0 | (8, 5) | 0 | 0 | 0 |
| 2 | 2 |   0    | 2 |   0    | 2 |   0    | 2 | 2 | 2 |
| 2 | 2 |   0    | 2 |   0    | 2 |   0    | 2 | 2 | 2 |
+---+---+--------+---+--------+---+--------+---+---+---+
Mejor fitness score: 84 

Gen: 67 Mejor cromosoma: 
+---+---+--------+---+--------+---+--------+---+---+---+
| 2 | 2 |   1    | 2 |   2    | 2 |   1    | 2 | 2 | 2 |
| 2 | 2 |   0    | 2 |   2    | 2 |   0    | 2 | 2 | 2 |
| 1 | 0 | (5, 4) | 0 | (1, 4) | 0 | (4, 1) | 0 | 0 | 0 |
| 2 | 2 |   0    | 2 |   0    | 2 |   0    | 2 | 2 | 2 |
| 2 | 2 |   0    | 2 |   0    | 2 |   0    | 2 | 2 | 2 |
| 2 | 2 |   0    | 2 |   0    | 2 |   0    | 2 | 2 | 2 |
| 1 | 0 | (3, 2) | 0 | (7, 6) | 0 | (8, 5) | 0 | 0 | 0 |
| 2 | 2 |   0    | 2 |   0    | 2 |   0    | 2 | 2 | 2 |
| 2 | 2 |   0    | 2 |   0    | 2 |   0    | 2 | 2 | 2 |
+---+---+--------+---+--------+---+--------+---+---+---+
Mejor fitness score: 84 

Gen: 68 Mejor cromosoma: 
+---+---+--------+---+--------+---+--------+---+---+---+
| 2 | 2 |   1    | 2 |   2    | 2 |   1    | 2 | 2 | 2 |
| 2 | 2 |   0    | 2 |   2    | 2 |   0    | 2 | 2 | 2 |
| 1 | 0 | (5, 4) | 0 | (1, 4) | 0 | (4, 1) | 0 | 0 | 0 |
| 2 | 2 |   0    | 2 |   0    | 2 |   0    | 2 | 2 | 2 |
| 2 | 2 |   0    | 2 |   0    | 2 |   0    | 2 | 2 | 2 |
| 2 | 2 |   0    | 2 |   0    | 2 |   0    | 2 | 2 | 2 |
| 1 | 0 | (3, 2) | 0 | (7, 6) | 0 | (8, 5) | 0 | 0 | 0 |
| 2 | 2 |   0    | 2 |   0    | 2 |   0    | 2 | 2 | 2 |
| 2 | 2 |   0    | 2 |   0    | 2 |   0    | 2 | 2 | 2 |
+---+---+--------+---+--------+---+--------+---+---+---+
Mejor fitness score: 84 

Gen: 69 Mejor cromosoma: 
+---+---+--------+---+--------+---+--------+---+---+---+
| 2 | 2 |   1    | 2 |   2    | 2 |   1    | 2 | 2 | 2 |
| 2 | 2 |   0    | 2 |   2    | 2 |   0    | 2 | 2 | 2 |
| 1 | 0 | (5, 4) | 0 | (1, 4) | 0 | (4, 1) | 0 | 0 | 0 |
| 2 | 2 |   0    | 2 |   0    | 2 |   0    | 2 | 2 | 2 |
| 2 | 2 |   0    | 2 |   0    | 2 |   0    | 2 | 2 | 2 |
| 2 | 2 |   0    | 2 |   0    | 2 |   0    | 2 | 2 | 2 |
| 1 | 0 | (3, 2) | 0 | (7, 6) | 0 | (8, 5) | 0 | 0 | 0 |
| 2 | 2 |   0    | 2 |   0    | 2 |   0    | 2 | 2 | 2 |
| 2 | 2 |   0    | 2 |   0    | 2 |   0    | 2 | 2 | 2 |
+---+---+--------+---+--------+---+--------+---+---+---+
Mejor fitness score: 84 

Gen: 70 Mejor cromosoma: 
+---+---+--------+---+--------+---+--------+---+---+---+
| 2 | 2 |   1    | 2 |   2    | 2 |   1    | 2 | 2 | 2 |
| 2 | 2 |   0    | 2 |   2    | 2 |   0    | 2 | 2 | 2 |
| 1 | 0 | (5, 4) | 0 | (1, 4) | 0 | (4, 1) | 0 | 0 | 0 |
| 2 | 2 |   0    | 2 |   0    | 2 |   0    | 2 | 2 | 2 |
| 2 | 2 |   0    | 2 |   0    | 2 |   0    | 2 | 2 | 2 |
| 2 | 2 |   0    | 2 |   0    | 2 |   0    | 2 | 2 | 2 |
| 1 | 0 | (3, 2) | 0 | (7, 6) | 0 | (8, 5) | 0 | 0 | 0 |
| 2 | 2 |   0    | 2 |   0    | 2 |   0    | 2 | 2 | 2 |
| 2 | 2 |   0    | 2 |   0    | 2 |   0    | 2 | 2 | 2 |
+---+---+--------+---+--------+---+--------+---+---+---+
Mejor fitness score: 84 

Gen: 71 Mejor cromosoma: 
+---+---+--------+---+--------+---+--------+---+---+---+
| 2 | 2 |   1    | 2 |   2    | 2 |   1    | 2 | 2 | 2 |
| 2 | 2 |   0    | 2 |   2    | 2 |   0    | 2 | 2 | 2 |
| 1 | 0 | (5, 4) | 0 | (1, 4) | 0 | (4, 1) | 0 | 0 | 0 |
| 2 | 2 |   0    | 2 |   0    | 2 |   0    | 2 | 2 | 2 |
| 2 | 2 |   0    | 2 |   0    | 2 |   0    | 2 | 2 | 2 |
| 2 | 2 |   0    | 2 |   0    | 2 |   0    | 2 | 2 | 2 |
| 1 | 0 | (3, 2) | 0 | (7, 6) | 0 | (8, 5) | 0 | 0 | 0 |
| 2 | 2 |   0    | 2 |   0    | 2 |   0    | 2 | 2 | 2 |
| 2 | 2 |   0    | 2 |   0    | 2 |   0    | 2 | 2 | 2 |
+---+---+--------+---+--------+---+--------+---+---+---+
Mejor fitness score: 84 

Gen: 72 Mejor cromosoma: 
+---+---+--------+---+--------+---+--------+---+---+---+
| 2 | 2 |   1    | 2 |   2    | 2 |   1    | 2 | 2 | 2 |
| 2 | 2 |   0    | 2 |   2    | 2 |   0    | 2 | 2 | 2 |
| 1 | 0 | (5, 4) | 0 | (1, 4) | 0 | (4, 1) | 0 | 0 | 0 |
| 2 | 2 |   0    | 2 |   0    | 2 |   0    | 2 | 2 | 2 |
| 2 | 2 |   0    | 2 |   0    | 2 |   0    | 2 | 2 | 2 |
| 2 | 2 |   0    | 2 |   0    | 2 |   0    | 2 | 2 | 2 |
| 1 | 0 | (3, 2) | 0 | (7, 6) | 0 | (8, 5) | 0 | 0 | 0 |
| 2 | 2 |   0    | 2 |   0    | 2 |   0    | 2 | 2 | 2 |
| 2 | 2 |   0    | 2 |   0    | 2 |   0    | 2 | 2 | 2 |
+---+---+--------+---+--------+---+--------+---+---+---+
Mejor fitness score: 84 

Gen: 73 Mejor cromosoma: 
+---+---+--------+---+--------+---+--------+---+---+---+
| 2 | 2 |   1    | 2 |   2    | 2 |   1    | 2 | 2 | 2 |
| 2 | 2 |   0    | 2 |   2    | 2 |   0    | 2 | 2 | 2 |
| 1 | 0 | (5, 4) | 0 | (1, 4) | 0 | (4, 1) | 0 | 0 | 0 |
| 2 | 2 |   0    | 2 |   0    | 2 |   0    | 2 | 2 | 2 |
| 2 | 2 |   0    | 2 |   0    | 2 |   0    | 2 | 2 | 2 |
| 2 | 2 |   0    | 2 |   0    | 2 |   0    | 2 | 2 | 2 |
| 1 | 0 | (3, 2) | 0 | (7, 6) | 0 | (8, 5) | 0 | 0 | 0 |
| 2 | 2 |   0    | 2 |   0    | 2 |   0    | 2 | 2 | 2 |
| 2 | 2 |   0    | 2 |   0    | 2 |   0    | 2 | 2 | 2 |
+---+---+--------+---+--------+---+--------+---+---+---+
Mejor fitness score: 84 

Gen: 74 Mejor cromosoma: 
+---+---+--------+---+--------+---+--------+---+---+---+
| 2 | 2 |   1    | 2 |   2    | 2 |   1    | 2 | 2 | 2 |
| 2 | 2 |   0    | 2 |   2    | 2 |   0    | 2 | 2 | 2 |
| 1 | 0 | (5, 4) | 0 | (1, 4) | 0 | (4, 1) | 0 | 0 | 0 |
| 2 | 2 |   0    | 2 |   0    | 2 |   0    | 2 | 2 | 2 |
| 2 | 2 |   0    | 2 |   0    | 2 |   0    | 2 | 2 | 2 |
| 2 | 2 |   0    | 2 |   0    | 2 |   0    | 2 | 2 | 2 |
| 1 | 0 | (3, 2) | 0 | (7, 6) | 0 | (8, 5) | 0 | 0 | 0 |
| 2 | 2 |   0    | 2 |   0    | 2 |   0    | 2 | 2 | 2 |
| 2 | 2 |   0    | 2 |   0    | 2 |   0    | 2 | 2 | 2 |
+---+---+--------+---+--------+---+--------+---+---+---+
Mejor fitness score: 84 

Gen: 75 Mejor cromosoma: 
+---+---+--------+---+--------+---+--------+---+---+---+
| 2 | 2 |   1    | 2 |   2    | 2 |   1    | 2 | 2 | 2 |
| 2 | 2 |   0    | 2 |   2    | 2 |   0    | 2 | 2 | 2 |
| 1 | 0 | (5, 4) | 0 | (1, 4) | 0 | (4, 1) | 0 | 0 | 0 |
| 2 | 2 |   0    | 2 |   0    | 2 |   0    | 2 | 2 | 2 |
| 2 | 2 |   0    | 2 |   0    | 2 |   0    | 2 | 2 | 2 |
| 2 | 2 |   0    | 2 |   0    | 2 |   0    | 2 | 2 | 2 |
| 1 | 0 | (3, 2) | 0 | (7, 6) | 0 | (8, 5) | 0 | 0 | 0 |
| 2 | 2 |   0    | 2 |   0    | 2 |   0    | 2 | 2 | 2 |
| 2 | 2 |   0    | 2 |   0    | 2 |   0    | 2 | 2 | 2 |
+---+---+--------+---+--------+---+--------+---+---+---+
Mejor fitness score: 84 

Gen: 76 Mejor cromosoma: 
+---+---+--------+---+--------+---+--------+---+---+---+
| 2 | 2 |   1    | 2 |   2    | 2 |   1    | 2 | 2 | 2 |
| 2 | 2 |   0    | 2 |   2    | 2 |   0    | 2 | 2 | 2 |
| 1 | 0 | (5, 4) | 0 | (1, 4) | 0 | (4, 1) | 0 | 0 | 0 |
| 2 | 2 |   0    | 2 |   0    | 2 |   0    | 2 | 2 | 2 |
| 2 | 2 |   0    | 2 |   0    | 2 |   0    | 2 | 2 | 2 |
| 2 | 2 |   0    | 2 |   0    | 2 |   0    | 2 | 2 | 2 |
| 1 | 0 | (3, 2) | 0 | (7, 6) | 0 | (8, 5) | 0 | 0 | 0 |
| 2 | 2 |   0    | 2 |   0    | 2 |   0    | 2 | 2 | 2 |
| 2 | 2 |   0    | 2 |   0    | 2 |   0    | 2 | 2 | 2 |
+---+---+--------+---+--------+---+--------+---+---+---+
Mejor fitness score: 84 

Gen: 77 Mejor cromosoma: 
+---+---+--------+---+--------+---+--------+---+---+---+
| 2 | 2 |   1    | 2 |   2    | 2 |   1    | 2 | 2 | 2 |
| 2 | 2 |   0    | 2 |   2    | 2 |   0    | 2 | 2 | 2 |
| 1 | 0 | (5, 4) | 0 | (1, 4) | 0 | (4, 1) | 0 | 0 | 0 |
| 2 | 2 |   0    | 2 |   0    | 2 |   0    | 2 | 2 | 2 |
| 2 | 2 |   0    | 2 |   0    | 2 |   0    | 2 | 2 | 2 |
| 2 | 2 |   0    | 2 |   0    | 2 |   0    | 2 | 2 | 2 |
| 1 | 0 | (3, 2) | 0 | (7, 6) | 0 | (8, 5) | 0 | 0 | 0 |
| 2 | 2 |   0    | 2 |   0    | 2 |   0    | 2 | 2 | 2 |
| 2 | 2 |   0    | 2 |   0    | 2 |   0    | 2 | 2 | 2 |
+---+---+--------+---+--------+---+--------+---+---+---+
Mejor fitness score: 84 

Gen: 78 Mejor cromosoma: 
+---+---+--------+---+--------+---+--------+---+---+---+
| 2 | 2 |   1    | 2 |   2    | 2 |   1    | 2 | 2 | 2 |
| 2 | 2 |   0    | 2 |   2    | 2 |   0    | 2 | 2 | 2 |
| 1 | 0 | (5, 4) | 0 | (1, 4) | 0 | (4, 1) | 0 | 0 | 0 |
| 2 | 2 |   0    | 2 |   0    | 2 |   0    | 2 | 2 | 2 |
| 2 | 2 |   0    | 2 |   0    | 2 |   0    | 2 | 2 | 2 |
| 2 | 2 |   0    | 2 |   0    | 2 |   0    | 2 | 2 | 2 |
| 1 | 0 | (3, 2) | 0 | (7, 6) | 0 | (8, 5) | 0 | 0 | 0 |
| 2 | 2 |   0    | 2 |   0    | 2 |   0    | 2 | 2 | 2 |
| 2 | 2 |   0    | 2 |   0    | 2 |   0    | 2 | 2 | 2 |
+---+---+--------+---+--------+---+--------+---+---+---+
Mejor fitness score: 84 

Gen: 79 Mejor cromosoma: 
+---+---+--------+---+--------+---+--------+---+---+---+
| 2 | 2 |   1    | 2 |   2    | 2 |   1    | 2 | 2 | 2 |
| 2 | 2 |   0    | 2 |   2    | 2 |   0    | 2 | 2 | 2 |
| 1 | 0 | (5, 4) | 0 | (1, 4) | 0 | (4, 1) | 0 | 0 | 0 |
| 2 | 2 |   0    | 2 |   0    | 2 |   0    | 2 | 2 | 2 |
| 2 | 2 |   0    | 2 |   0    | 2 |   0    | 2 | 2 | 2 |
| 2 | 2 |   0    | 2 |   0    | 2 |   0    | 2 | 2 | 2 |
| 1 | 0 | (3, 2) | 0 | (7, 6) | 0 | (8, 5) | 0 | 0 | 0 |
| 2 | 2 |   0    | 2 |   0    | 2 |   0    | 2 | 2 | 2 |
| 2 | 2 |   0    | 2 |   0    | 2 |   0    | 2 | 2 | 2 |
+---+---+--------+---+--------+---+--------+---+---+---+
Mejor fitness score: 84 

Gen: 80 Mejor cromosoma: 
+---+---+--------+---+--------+---+--------+---+---+---+
| 2 | 2 |   1    | 2 |   2    | 2 |   1    | 2 | 2 | 2 |
| 2 | 2 |   0    | 2 |   2    | 2 |   0    | 2 | 2 | 2 |
| 1 | 0 | (5, 4) | 0 | (1, 4) | 0 | (4, 1) | 0 | 0 | 0 |
| 2 | 2 |   0    | 2 |   0    | 2 |   0    | 2 | 2 | 2 |
| 2 | 2 |   0    | 2 |   0    | 2 |   0    | 2 | 2 | 2 |
| 2 | 2 |   0    | 2 |   0    | 2 |   0    | 2 | 2 | 2 |
| 1 | 0 | (3, 2) | 0 | (7, 6) | 0 | (8, 5) | 0 | 0 | 0 |
| 2 | 2 |   0    | 2 |   0    | 2 |   0    | 2 | 2 | 2 |
| 2 | 2 |   0    | 2 |   0    | 2 |   0    | 2 | 2 | 2 |
+---+---+--------+---+--------+---+--------+---+---+---+
Mejor fitness score: 84 

Gen: 81 Mejor cromosoma: 
+---+---+--------+---+--------+---+--------+---+---+---+
| 2 | 2 |   1    | 2 |   2    | 2 |   1    | 2 | 2 | 2 |
| 2 | 2 |   0    | 2 |   2    | 2 |   0    | 2 | 2 | 2 |
| 1 | 0 | (5, 4) | 0 | (1, 4) | 0 | (4, 1) | 0 | 0 | 0 |
| 2 | 2 |   0    | 2 |   0    | 2 |   0    | 2 | 2 | 2 |
| 2 | 2 |   0    | 2 |   0    | 2 |   0    | 2 | 2 | 2 |
| 2 | 2 |   0    | 2 |   0    | 2 |   0    | 2 | 2 | 2 |
| 1 | 0 | (3, 2) | 0 | (7, 6) | 0 | (8, 5) | 0 | 0 | 0 |
| 2 | 2 |   0    | 2 |   0    | 2 |   0    | 2 | 2 | 2 |
| 2 | 2 |   0    | 2 |   0    | 2 |   0    | 2 | 2 | 2 |
+---+---+--------+---+--------+---+--------+---+---+---+
Mejor fitness score: 84 

Gen: 82 Mejor cromosoma: 
+---+---+--------+---+--------+---+--------+---+---+---+
| 2 | 2 |   1    | 2 |   2    | 2 |   1    | 2 | 2 | 2 |
| 2 | 2 |   0    | 2 |   2    | 2 |   0    | 2 | 2 | 2 |
| 1 | 0 | (5, 4) | 0 | (1, 4) | 0 | (4, 1) | 0 | 0 | 0 |
| 2 | 2 |   0    | 2 |   0    | 2 |   0    | 2 | 2 | 2 |
| 2 | 2 |   0    | 2 |   0    | 2 |   0    | 2 | 2 | 2 |
| 2 | 2 |   0    | 2 |   0    | 2 |   0    | 2 | 2 | 2 |
| 1 | 0 | (3, 2) | 0 | (7, 6) | 0 | (8, 5) | 0 | 0 | 0 |
| 2 | 2 |   0    | 2 |   0    | 2 |   0    | 2 | 2 | 2 |
| 2 | 2 |   0    | 2 |   0    | 2 |   0    | 2 | 2 | 2 |
+---+---+--------+---+--------+---+--------+---+---+---+
Mejor fitness score: 84 

Gen: 83 Mejor cromosoma: 
+---+---+--------+---+--------+---+--------+---+---+---+
| 2 | 2 |   1    | 2 |   2    | 2 |   1    | 2 | 2 | 2 |
| 2 | 2 |   0    | 2 |   2    | 2 |   0    | 2 | 2 | 2 |
| 1 | 0 | (5, 4) | 0 | (1, 4) | 0 | (4, 1) | 0 | 0 | 0 |
| 2 | 2 |   0    | 2 |   0    | 2 |   0    | 2 | 2 | 2 |
| 2 | 2 |   0    | 2 |   0    | 2 |   0    | 2 | 2 | 2 |
| 2 | 2 |   0    | 2 |   0    | 2 |   0    | 2 | 2 | 2 |
| 1 | 0 | (3, 2) | 0 | (7, 6) | 0 | (8, 5) | 0 | 0 | 0 |
| 2 | 2 |   0    | 2 |   0    | 2 |   0    | 2 | 2 | 2 |
| 2 | 2 |   0    | 2 |   0    | 2 |   0    | 2 | 2 | 2 |
+---+---+--------+---+--------+---+--------+---+---+---+
Mejor fitness score: 84 

Gen: 84 Mejor cromosoma: 
+---+---+--------+---+--------+---+--------+---+---+---+
| 2 | 2 |   1    | 2 |   2    | 2 |   1    | 2 | 2 | 2 |
| 2 | 2 |   0    | 2 |   2    | 2 |   0    | 2 | 2 | 2 |
| 1 | 0 | (5, 4) | 0 | (1, 4) | 0 | (4, 1) | 0 | 0 | 0 |
| 2 | 2 |   0    | 2 |   0    | 2 |   0    | 2 | 2 | 2 |
| 2 | 2 |   0    | 2 |   0    | 2 |   0    | 2 | 2 | 2 |
| 2 | 2 |   0    | 2 |   0    | 2 |   0    | 2 | 2 | 2 |
| 1 | 0 | (3, 2) | 0 | (7, 6) | 0 | (8, 5) | 0 | 0 | 0 |
| 2 | 2 |   0    | 2 |   0    | 2 |   0    | 2 | 2 | 2 |
| 2 | 2 |   0    | 2 |   0    | 2 |   0    | 2 | 2 | 2 |
+---+---+--------+---+--------+---+--------+---+---+---+
Mejor fitness score: 84 

Gen: 85 Mejor cromosoma: 
+---+---+--------+---+--------+---+--------+---+---+---+
| 2 | 2 |   1    | 2 |   2    | 2 |   1    | 2 | 2 | 2 |
| 2 | 2 |   0    | 2 |   2    | 2 |   0    | 2 | 2 | 2 |
| 1 | 0 | (5, 4) | 0 | (1, 4) | 0 | (4, 1) | 0 | 0 | 0 |
| 2 | 2 |   0    | 2 |   0    | 2 |   0    | 2 | 2 | 2 |
| 2 | 2 |   0    | 2 |   0    | 2 |   0    | 2 | 2 | 2 |
| 2 | 2 |   0    | 2 |   0    | 2 |   0    | 2 | 2 | 2 |
| 1 | 0 | (3, 2) | 0 | (7, 6) | 0 | (8, 5) | 0 | 0 | 0 |
| 2 | 2 |   0    | 2 |   0    | 2 |   0    | 2 | 2 | 2 |
| 2 | 2 |   0    | 2 |   0    | 2 |   0    | 2 | 2 | 2 |
+---+---+--------+---+--------+---+--------+---+---+---+
Mejor fitness score: 84 

Gen: 86 Mejor cromosoma: 
+---+---+--------+---+--------+---+--------+---+---+---+
| 2 | 2 |   1    | 2 |   2    | 2 |   1    | 2 | 2 | 2 |
| 2 | 2 |   0    | 2 |   2    | 2 |   0    | 2 | 2 | 2 |
| 1 | 0 | (5, 4) | 0 | (1, 4) | 0 | (4, 1) | 0 | 0 | 0 |
| 2 | 2 |   0    | 2 |   0    | 2 |   0    | 2 | 2 | 2 |
| 2 | 2 |   0    | 2 |   0    | 2 |   0    | 2 | 2 | 2 |
| 2 | 2 |   0    | 2 |   0    | 2 |   0    | 2 | 2 | 2 |
| 1 | 0 | (3, 2) | 0 | (7, 6) | 0 | (8, 5) | 0 | 0 | 0 |
| 2 | 2 |   0    | 2 |   0    | 2 |   0    | 2 | 2 | 2 |
| 2 | 2 |   0    | 2 |   0    | 2 |   0    | 2 | 2 | 2 |
+---+---+--------+---+--------+---+--------+---+---+---+
Mejor fitness score: 84 

Gen: 87 Mejor cromosoma: 
+---+---+--------+---+--------+---+--------+---+---+---+
| 2 | 2 |   1    | 2 |   2    | 2 |   1    | 2 | 2 | 2 |
| 2 | 2 |   0    | 2 |   2    | 2 |   0    | 2 | 2 | 2 |
| 1 | 0 | (5, 4) | 0 | (1, 4) | 0 | (4, 1) | 0 | 0 | 0 |
| 2 | 2 |   0    | 2 |   0    | 2 |   0    | 2 | 2 | 2 |
| 2 | 2 |   0    | 2 |   0    | 2 |   0    | 2 | 2 | 2 |
| 2 | 2 |   0    | 2 |   0    | 2 |   0    | 2 | 2 | 2 |
| 1 | 0 | (3, 2) | 0 | (7, 6) | 0 | (8, 5) | 0 | 0 | 0 |
| 2 | 2 |   0    | 2 |   0    | 2 |   0    | 2 | 2 | 2 |
| 2 | 2 |   0    | 2 |   0    | 2 |   0    | 2 | 2 | 2 |
+---+---+--------+---+--------+---+--------+---+---+---+
Mejor fitness score: 84 

Gen: 88 Mejor cromosoma: 
+---+---+--------+---+--------+---+--------+---+---+---+
| 2 | 2 |   1    | 2 |   2    | 2 |   1    | 2 | 2 | 2 |
| 2 | 2 |   0    | 2 |   2    | 2 |   0    | 2 | 2 | 2 |
| 1 | 0 | (5, 4) | 0 | (1, 4) | 0 | (4, 1) | 0 | 0 | 0 |
| 2 | 2 |   0    | 2 |   0    | 2 |   0    | 2 | 2 | 2 |
| 2 | 2 |   0    | 2 |   0    | 2 |   0    | 2 | 2 | 2 |
| 2 | 2 |   0    | 2 |   0    | 2 |   0    | 2 | 2 | 2 |
| 1 | 0 | (3, 2) | 0 | (7, 6) | 0 | (8, 5) | 0 | 0 | 0 |
| 2 | 2 |   0    | 2 |   0    | 2 |   0    | 2 | 2 | 2 |
| 2 | 2 |   0    | 2 |   0    | 2 |   0    | 2 | 2 | 2 |
+---+---+--------+---+--------+---+--------+---+---+---+
Mejor fitness score: 84 

Gen: 89 Mejor cromosoma: 
+---+---+--------+---+--------+---+--------+---+---+---+
| 2 | 2 |   1    | 2 |   2    | 2 |   1    | 2 | 2 | 2 |
| 2 | 2 |   0    | 2 |   2    | 2 |   0    | 2 | 2 | 2 |
| 1 | 0 | (5, 4) | 0 | (1, 4) | 0 | (4, 1) | 0 | 0 | 0 |
| 2 | 2 |   0    | 2 |   0    | 2 |   0    | 2 | 2 | 2 |
| 2 | 2 |   0    | 2 |   0    | 2 |   0    | 2 | 2 | 2 |
| 2 | 2 |   0    | 2 |   0    | 2 |   0    | 2 | 2 | 2 |
| 1 | 0 | (3, 2) | 0 | (7, 6) | 0 | (8, 5) | 0 | 0 | 0 |
| 2 | 2 |   0    | 2 |   0    | 2 |   0    | 2 | 2 | 2 |
| 2 | 2 |   0    | 2 |   0    | 2 |   0    | 2 | 2 | 2 |
+---+---+--------+---+--------+---+--------+---+---+---+
Mejor fitness score: 84 

Gen: 90 Mejor cromosoma: 
+---+---+--------+---+--------+---+--------+---+---+---+
| 2 | 2 |   1    | 2 |   2    | 2 |   1    | 2 | 2 | 2 |
| 2 | 2 |   0    | 2 |   2    | 2 |   0    | 2 | 2 | 2 |
| 1 | 0 | (5, 4) | 0 | (1, 4) | 0 | (4, 1) | 0 | 0 | 0 |
| 2 | 2 |   0    | 2 |   0    | 2 |   0    | 2 | 2 | 2 |
| 2 | 2 |   0    | 2 |   0    | 2 |   0    | 2 | 2 | 2 |
| 2 | 2 |   0    | 2 |   0    | 2 |   0    | 2 | 2 | 2 |
| 1 | 0 | (3, 2) | 0 | (7, 6) | 0 | (8, 5) | 0 | 0 | 0 |
| 2 | 2 |   0    | 2 |   0    | 2 |   0    | 2 | 2 | 2 |
| 2 | 2 |   0    | 2 |   0    | 2 |   0    | 2 | 2 | 2 |
+---+---+--------+---+--------+---+--------+---+---+---+
Mejor fitness score: 84 

Gen: 91 Mejor cromosoma: 
+---+---+--------+---+--------+---+--------+---+---+---+
| 2 | 2 |   1    | 2 |   2    | 2 |   1    | 2 | 2 | 2 |
| 2 | 2 |   0    | 2 |   2    | 2 |   0    | 2 | 2 | 2 |
| 1 | 0 | (5, 4) | 0 | (1, 4) | 0 | (4, 1) | 0 | 0 | 0 |
| 2 | 2 |   0    | 2 |   0    | 2 |   0    | 2 | 2 | 2 |
| 2 | 2 |   0    | 2 |   0    | 2 |   0    | 2 | 2 | 2 |
| 2 | 2 |   0    | 2 |   0    | 2 |   0    | 2 | 2 | 2 |
| 1 | 0 | (3, 2) | 0 | (7, 6) | 0 | (8, 5) | 0 | 0 | 0 |
| 2 | 2 |   0    | 2 |   0    | 2 |   0    | 2 | 2 | 2 |
| 2 | 2 |   0    | 2 |   0    | 2 |   0    | 2 | 2 | 2 |
+---+---+--------+---+--------+---+--------+---+---+---+
Mejor fitness score: 84 

Gen: 92 Mejor cromosoma: 
+---+---+--------+---+--------+---+--------+---+---+---+
| 2 | 2 |   1    | 2 |   2    | 2 |   1    | 2 | 2 | 2 |
| 2 | 2 |   0    | 2 |   2    | 2 |   0    | 2 | 2 | 2 |
| 1 | 0 | (5, 4) | 0 | (1, 4) | 0 | (4, 1) | 0 | 0 | 0 |
| 2 | 2 |   0    | 2 |   0    | 2 |   0    | 2 | 2 | 2 |
| 2 | 2 |   0    | 2 |   0    | 2 |   0    | 2 | 2 | 2 |
| 2 | 2 |   0    | 2 |   0    | 2 |   0    | 2 | 2 | 2 |
| 1 | 0 | (3, 2) | 0 | (7, 6) | 0 | (8, 5) | 0 | 0 | 0 |
| 2 | 2 |   0    | 2 |   0    | 2 |   0    | 2 | 2 | 2 |
| 2 | 2 |   0    | 2 |   0    | 2 |   0    | 2 | 2 | 2 |
+---+---+--------+---+--------+---+--------+---+---+---+
Mejor fitness score: 84 

Gen: 93 Mejor cromosoma: 
+---+---+--------+---+--------+---+--------+---+---+---+
| 2 | 2 |   1    | 2 |   2    | 2 |   1    | 2 | 2 | 2 |
| 2 | 2 |   0    | 2 |   2    | 2 |   0    | 2 | 2 | 2 |
| 1 | 0 | (5, 4) | 0 | (1, 4) | 0 | (4, 1) | 0 | 0 | 0 |
| 2 | 2 |   0    | 2 |   0    | 2 |   0    | 2 | 2 | 2 |
| 2 | 2 |   0    | 2 |   0    | 2 |   0    | 2 | 2 | 2 |
| 2 | 2 |   0    | 2 |   0    | 2 |   0    | 2 | 2 | 2 |
| 1 | 0 | (3, 2) | 0 | (7, 6) | 0 | (8, 5) | 0 | 0 | 0 |
| 2 | 2 |   0    | 2 |   0    | 2 |   0    | 2 | 2 | 2 |
| 2 | 2 |   0    | 2 |   0    | 2 |   0    | 2 | 2 | 2 |
+---+---+--------+---+--------+---+--------+---+---+---+
Mejor fitness score: 84 

Gen: 94 Mejor cromosoma: 
+---+---+--------+---+--------+---+--------+---+---+---+
| 2 | 2 |   1    | 2 |   2    | 2 |   1    | 2 | 2 | 2 |
| 2 | 2 |   0    | 2 |   2    | 2 |   0    | 2 | 2 | 2 |
| 1 | 0 | (5, 4) | 0 | (1, 4) | 0 | (4, 1) | 0 | 0 | 0 |
| 2 | 2 |   0    | 2 |   0    | 2 |   0    | 2 | 2 | 2 |
| 2 | 2 |   0    | 2 |   0    | 2 |   0    | 2 | 2 | 2 |
| 2 | 2 |   0    | 2 |   0    | 2 |   0    | 2 | 2 | 2 |
| 1 | 0 | (3, 2) | 0 | (7, 6) | 0 | (8, 5) | 0 | 0 | 0 |
| 2 | 2 |   0    | 2 |   0    | 2 |   0    | 2 | 2 | 2 |
| 2 | 2 |   0    | 2 |   0    | 2 |   0    | 2 | 2 | 2 |
+---+---+--------+---+--------+---+--------+---+---+---+
Mejor fitness score: 84 

Gen: 95 Mejor cromosoma: 
+---+---+--------+---+--------+---+--------+---+---+---+
| 2 | 2 |   1    | 2 |   2    | 2 |   1    | 2 | 2 | 2 |
| 2 | 2 |   0    | 2 |   2    | 2 |   0    | 2 | 2 | 2 |
| 1 | 0 | (5, 4) | 0 | (1, 4) | 0 | (4, 1) | 0 | 0 | 0 |
| 2 | 2 |   0    | 2 |   0    | 2 |   0    | 2 | 2 | 2 |
| 2 | 2 |   0    | 2 |   0    | 2 |   0    | 2 | 2 | 2 |
| 2 | 2 |   0    | 2 |   0    | 2 |   0    | 2 | 2 | 2 |
| 1 | 0 | (3, 2) | 0 | (7, 6) | 0 | (8, 5) | 0 | 0 | 0 |
| 2 | 2 |   0    | 2 |   0    | 2 |   0    | 2 | 2 | 2 |
| 2 | 2 |   0    | 2 |   0    | 2 |   0    | 2 | 2 | 2 |
+---+---+--------+---+--------+---+--------+---+---+---+
Mejor fitness score: 84 

Gen: 96 Mejor cromosoma: 
+---+---+--------+---+--------+---+--------+---+---+---+
| 2 | 2 |   1    | 2 |   2    | 2 |   1    | 2 | 2 | 2 |
| 2 | 2 |   0    | 2 |   2    | 2 |   0    | 2 | 2 | 2 |
| 1 | 0 | (5, 4) | 0 | (1, 4) | 0 | (4, 1) | 0 | 0 | 0 |
| 2 | 2 |   0    | 2 |   0    | 2 |   0    | 2 | 2 | 2 |
| 2 | 2 |   0    | 2 |   0    | 2 |   0    | 2 | 2 | 2 |
| 2 | 2 |   0    | 2 |   0    | 2 |   0    | 2 | 2 | 2 |
| 1 | 0 | (3, 2) | 0 | (7, 6) | 0 | (8, 5) | 0 | 0 | 0 |
| 2 | 2 |   0    | 2 |   0    | 2 |   0    | 2 | 2 | 2 |
| 2 | 2 |   0    | 2 |   0    | 2 |   0    | 2 | 2 | 2 |
+---+---+--------+---+--------+---+--------+---+---+---+
Mejor fitness score: 84 

Gen: 97 Mejor cromosoma: 
+---+---+--------+---+--------+---+--------+---+---+---+
| 2 | 2 |   1    | 2 |   2    | 2 |   1    | 2 | 2 | 2 |
| 2 | 2 |   0    | 2 |   2    | 2 |   0    | 2 | 2 | 2 |
| 1 | 0 | (5, 4) | 0 | (1, 4) | 0 | (4, 1) | 0 | 0 | 0 |
| 2 | 2 |   0    | 2 |   0    | 2 |   0    | 2 | 2 | 2 |
| 2 | 2 |   0    | 2 |   0    | 2 |   0    | 2 | 2 | 2 |
| 2 | 2 |   0    | 2 |   0    | 2 |   0    | 2 | 2 | 2 |
| 1 | 0 | (3, 2) | 0 | (7, 6) | 0 | (8, 5) | 0 | 0 | 0 |
| 2 | 2 |   0    | 2 |   0    | 2 |   0    | 2 | 2 | 2 |
| 2 | 2 |   0    | 2 |   0    | 2 |   0    | 2 | 2 | 2 |
+---+---+--------+---+--------+---+--------+---+---+---+
Mejor fitness score: 84 

Gen: 98 Mejor cromosoma: 
+---+---+--------+---+--------+---+--------+---+---+---+
| 2 | 2 |   1    | 2 |   2    | 2 |   1    | 2 | 2 | 2 |
| 2 | 2 |   0    | 2 |   2    | 2 |   0    | 2 | 2 | 2 |
| 1 | 0 | (5, 4) | 0 | (1, 4) | 0 | (4, 1) | 0 | 0 | 0 |
| 2 | 2 |   0    | 2 |   0    | 2 |   0    | 2 | 2 | 2 |
| 2 | 2 |   0    | 2 |   0    | 2 |   0    | 2 | 2 | 2 |
| 2 | 2 |   0    | 2 |   0    | 2 |   0    | 2 | 2 | 2 |
| 1 | 0 | (3, 2) | 0 | (7, 6) | 0 | (8, 5) | 0 | 0 | 0 |
| 2 | 2 |   0    | 2 |   0    | 2 |   0    | 2 | 2 | 2 |
| 2 | 2 |   0    | 2 |   0    | 2 |   0    | 2 | 2 | 2 |
+---+---+--------+---+--------+---+--------+---+---+---+
Mejor fitness score: 84 

Gen: 99 Mejor cromosoma: 
+---+---+--------+---+--------+---+--------+---+---+---+
| 2 | 2 |   1    | 2 |   2    | 2 |   1    | 2 | 2 | 2 |
| 2 | 2 |   0    | 2 |   2    | 2 |   0    | 2 | 2 | 2 |
| 1 | 0 | (5, 4) | 0 | (1, 4) | 0 | (4, 1) | 0 | 0 | 0 |
| 2 | 2 |   0    | 2 |   0    | 2 |   0    | 2 | 2 | 2 |
| 2 | 2 |   0    | 2 |   0    | 2 |   0    | 2 | 2 | 2 |
| 2 | 2 |   0    | 2 |   0    | 2 |   0    | 2 | 2 | 2 |
| 1 | 0 | (3, 2) | 0 | (7, 6) | 0 | (8, 5) | 0 | 0 | 0 |
| 2 | 2 |   0    | 2 |   0    | 2 |   0    | 2 | 2 | 2 |
| 2 | 2 |   0    | 2 |   0    | 2 |   0    | 2 | 2 | 2 |
+---+---+--------+---+--------+---+--------+---+---+---+
Mejor fitness score: 84 
